DATE,ACTUAL_VALUE,D+1,ORDER,SEASONAL_ORDER,AIC,EXOGENOUS_FACTORS,NUM_FEATURES,FEATURE_NUMBERS
2023-12-01,4.46,4.539077901649922,"(1, 0, 1)","(1, 0, 1, 7)",-201.87096387006667,EXESSIVE_AVAILABLE_CAPACITY_UNTIL_PRICE_LIMIT_9999_€/MWh,1,4
2023-12-02,4.42,4.079346551651658,"(1, 0, 1)","(1, 0, 1, 7)",-201.98024788423106,EXESSIVE_AVAILABLE_CAPACITY_UNTIL_PRICE_LIMIT_9999_€/MWh,1,4
2023-12-03,4.25,3.8246589964450872,"(3, 0, 0)","(2, 0, 0, 7)",-200.90602328427275,EXESSIVE_AVAILABLE_CAPACITY_UNTIL_PRICE_LIMIT_9999_€/MWh,1,4
2023-12-04,4.11,3.620109715898935,"(3, 0, 0)","(2, 0, 0, 7)",-204.51321313529573,EXESSIVE_AVAILABLE_CAPACITY_UNTIL_PRICE_LIMIT_9999_€/MWh,1,4
2023-12-05,4.06,3.8672036389731397,"(2, 0, 0)","(1, 0, 1, 7)",-204.70848683401348,EXESSIVE_AVAILABLE_CAPACITY_UNTIL_PRICE_LIMIT_9999_€/MWh,1,4
2023-12-06,4.48,3.774973064593154,"(1, 0, 1)","(2, 0, 0, 7)",-205.82000345252305,EXESSIVE_AVAILABLE_CAPACITY_UNTIL_PRICE_LIMIT_9999_€/MWh,1,4
2023-12-07,5.05,5.725361653745823,"(1, 0, 1)","(2, 0, 0, 7)",-205.2478309616974,EXESSIVE_AVAILABLE_CAPACITY_UNTIL_PRICE_LIMIT_9999_€/MWh,1,4
2023-12-08,4.6,5.046491168050127,"(1, 0, 1)","(2, 0, 0, 7)",-205.41323162563359,EXESSIVE_AVAILABLE_CAPACITY_UNTIL_PRICE_LIMIT_9999_€/MWh,1,4
2023-12-09,4.96,4.230664793059617,"(1, 0, 1)","(0, 0, 2, 7)",-204.10181807160006,EXESSIVE_AVAILABLE_CAPACITY_UNTIL_PRICE_LIMIT_9999_€/MWh,1,4
2023-12-10,5.04,4.089122464417171,"(1, 0, 1)","(2, 0, 0, 7)",-204.54125310044165,EXESSIVE_AVAILABLE_CAPACITY_UNTIL_PRICE_LIMIT_9999_€/MWh,1,4
2023-12-11,5.41,4.3312640294357685,"(3, 0, 0)","(2, 0, 0, 7)",-210.22472601774024,EXESSIVE_AVAILABLE_CAPACITY_UNTIL_PRICE_LIMIT_9999_€/MWh,1,4
2023-12-12,5.58,5.054562645421058,"(3, 0, 0)","(2, 0, 0, 7)",-209.75750348904276,EXESSIVE_AVAILABLE_CAPACITY_UNTIL_PRICE_LIMIT_9999_€/MWh,1,4
2023-12-13,5.67,5.088503036217893,"(3, 0, 0)","(2, 0, 0, 7)",-209.8781114102992,EXESSIVE_AVAILABLE_CAPACITY_UNTIL_PRICE_LIMIT_9999_€/MWh,1,4
2023-12-14,5.41,5.613479383627665,"(3, 0, 0)","(2, 0, 0, 7)",-209.9676833733576,EXESSIVE_AVAILABLE_CAPACITY_UNTIL_PRICE_LIMIT_9999_€/MWh,1,4
2023-12-15,5.12,4.639605029067849,"(1, 0, 2)","(0, 0, 0, 7)",-214.22795000114826,EXESSIVE_AVAILABLE_CAPACITY_UNTIL_PRICE_LIMIT_9999_€/MWh,1,4
2023-12-16,4.89,4.777651537654592,"(1, 0, 2)","(2, 0, 0, 7)",-216.51184628528523,EXESSIVE_AVAILABLE_CAPACITY_UNTIL_PRICE_LIMIT_9999_€/MWh,1,4
2023-12-17,4.89,4.628650755418161,"(1, 0, 2)","(1, 0, 1, 7)",-245.11001137330607,EXESSIVE_AVAILABLE_CAPACITY_UNTIL_PRICE_LIMIT_9999_€/MWh,1,4
2023-12-18,5.46,4.8483562370377475,"(1, 0, 2)","(1, 0, 1, 7)",-245.5946227952649,EXESSIVE_AVAILABLE_CAPACITY_UNTIL_PRICE_LIMIT_9999_€/MWh,1,4
2023-12-19,5.55,5.024059906477288,"(1, 0, 2)","(1, 0, 1, 7)",-245.78735381166985,EXESSIVE_AVAILABLE_CAPACITY_UNTIL_PRICE_LIMIT_9999_€/MWh,1,4
2023-12-20,5.31,4.9513365179406765,"(1, 0, 2)","(1, 0, 1, 7)",-245.2970540868139,EXESSIVE_AVAILABLE_CAPACITY_UNTIL_PRICE_LIMIT_9999_€/MWh,1,4
2023-12-21,4.74,5.084647305596099,"(1, 0, 2)","(1, 0, 1, 7)",-245.90267255916757,EXESSIVE_AVAILABLE_CAPACITY_UNTIL_PRICE_LIMIT_9999_€/MWh,1,4
2023-12-22,4.35,4.640823081763355,"(1, 0, 2)","(1, 0, 1, 7)",-244.8305282254119,EXESSIVE_AVAILABLE_CAPACITY_UNTIL_PRICE_LIMIT_9999_€/MWh,1,4
2023-12-23,4.52,4.440678305827648,"(1, 0, 2)","(1, 0, 1, 7)",-245.17848254766,EXESSIVE_AVAILABLE_CAPACITY_UNTIL_PRICE_LIMIT_9999_€/MWh,1,4
2023-12-24,5.26,4.595736411740872,"(1, 0, 2)","(1, 0, 1, 7)",-244.8646291032881,EXESSIVE_AVAILABLE_CAPACITY_UNTIL_PRICE_LIMIT_9999_€/MWh,1,4
2023-12-25,5.58,4.820310982137885,"(1, 0, 2)","(1, 0, 1, 7)",-245.56475144322246,EXESSIVE_AVAILABLE_CAPACITY_UNTIL_PRICE_LIMIT_9999_€/MWh,1,4
2023-12-26,5.41,5.298253609618022,"(1, 0, 3)","(1, 0, 1, 7)",-247.13082178665428,EXESSIVE_AVAILABLE_CAPACITY_UNTIL_PRICE_LIMIT_9999_€/MWh,1,4
2023-12-27,5.63,5.4285414026045125,"(1, 0, 2)","(1, 0, 1, 7)",-249.33005503851086,EXESSIVE_AVAILABLE_CAPACITY_UNTIL_PRICE_LIMIT_9999_€/MWh,1,4
2023-12-28,5.17,5.271180022362639,"(1, 0, 2)","(1, 0, 1, 7)",-253.06222846788427,EXESSIVE_AVAILABLE_CAPACITY_UNTIL_PRICE_LIMIT_9999_€/MWh,1,4
2023-12-29,4.87,4.903927795120961,"(1, 0, 2)","(1, 0, 1, 7)",-253.91699745888764,EXESSIVE_AVAILABLE_CAPACITY_UNTIL_PRICE_LIMIT_9999_€/MWh,1,4
2023-12-30,4.67,4.710571172838852,"(1, 0, 2)","(0, 0, 2, 7)",-254.72011140557987,EXESSIVE_AVAILABLE_CAPACITY_UNTIL_PRICE_LIMIT_9999_€/MWh,1,4
2023-12-31,4.71,5.087009390584844,"(1, 0, 2)","(1, 0, 1, 7)",-257.5074572328007,EXESSIVE_AVAILABLE_CAPACITY_UNTIL_PRICE_LIMIT_9999_€/MWh,1,4
2024-01-01,4.72,4.858669097088713,"(1, 0, 2)","(1, 0, 1, 7)",-257.52560226058466,EXESSIVE_AVAILABLE_CAPACITY_UNTIL_PRICE_LIMIT_9999_€/MWh,1,4
2024-01-02,4.71,4.502075628534738,"(1, 0, 2)","(0, 0, 0, 7)",-259.0292521026955,EXESSIVE_AVAILABLE_CAPACITY_UNTIL_PRICE_LIMIT_9999_€/MWh,1,4
2024-01-03,4.54,4.315117039376529,"(1, 0, 2)","(0, 0, 0, 7)",-260.6113943371319,EXESSIVE_AVAILABLE_CAPACITY_UNTIL_PRICE_LIMIT_9999_€/MWh,1,4
2024-01-04,4.29,4.495791194979641,"(1, 0, 2)","(0, 0, 0, 7)",-262.3102496218768,EXESSIVE_AVAILABLE_CAPACITY_UNTIL_PRICE_LIMIT_9999_€/MWh,1,4
2024-01-05,4.15,4.322261261976321,"(1, 0, 2)","(0, 0, 0, 7)",-263.21354966437474,EXESSIVE_AVAILABLE_CAPACITY_UNTIL_PRICE_LIMIT_9999_€/MWh,1,4
2024-01-06,4.01,3.969597938684765,"(1, 0, 2)","(0, 0, 0, 7)",-264.96905828920313,EXESSIVE_AVAILABLE_CAPACITY_UNTIL_PRICE_LIMIT_9999_€/MWh,1,4
2024-01-07,3.73,4.029477663026955,"(1, 0, 2)","(0, 0, 0, 7)",-268.52008361076366,EXESSIVE_AVAILABLE_CAPACITY_UNTIL_PRICE_LIMIT_9999_€/MWh,1,4
2024-01-08,3.56,3.819193755613213,"(1, 0, 2)","(0, 0, 0, 7)",-269.75699512023925,EXESSIVE_AVAILABLE_CAPACITY_UNTIL_PRICE_LIMIT_9999_€/MWh,1,4
2024-01-09,3.47,3.62873690345871,"(1, 0, 2)","(0, 0, 0, 7)",-272.13568610596127,EXESSIVE_AVAILABLE_CAPACITY_UNTIL_PRICE_LIMIT_9999_€/MWh,1,4
2024-01-10,3.29,3.8542034333602686,"(1, 0, 2)","(0, 0, 0, 7)",-276.65537402257405,EXESSIVE_AVAILABLE_CAPACITY_UNTIL_PRICE_LIMIT_9999_€/MWh,1,4
2024-01-11,3.16,3.8236087775112173,"(1, 0, 2)","(0, 0, 0, 7)",-277.87409400646777,EXESSIVE_AVAILABLE_CAPACITY_UNTIL_PRICE_LIMIT_9999_€/MWh,1,4
2024-01-12,3.04,3.3880535387681863,"(1, 0, 2)","(0, 0, 0, 7)",-278.8046609341932,EXESSIVE_AVAILABLE_CAPACITY_UNTIL_PRICE_LIMIT_9999_€/MWh,1,4
2024-01-13,2.84,2.7639289091514248,"(3, 0, 0)","(0, 0, 0, 7)",-284.194837678085,EXESSIVE_AVAILABLE_CAPACITY_UNTIL_PRICE_LIMIT_9999_€/MWh,1,4
2024-01-14,2.74,2.5559479270935115,"(3, 0, 0)","(0, 0, 0, 7)",-284.4580169919633,EXESSIVE_AVAILABLE_CAPACITY_UNTIL_PRICE_LIMIT_9999_€/MWh,1,4
2024-01-15,2.59,2.535076850917071,"(3, 0, 0)","(0, 0, 0, 7)",-285.0365144755649,EXESSIVE_AVAILABLE_CAPACITY_UNTIL_PRICE_LIMIT_9999_€/MWh,1,4
2024-01-16,2.61,2.535117279199703,"(3, 0, 0)","(0, 0, 0, 7)",-286.9869881076695,EXESSIVE_AVAILABLE_CAPACITY_UNTIL_PRICE_LIMIT_9999_€/MWh,1,4
2024-01-17,2.58,2.4517271236924176,"(3, 0, 0)","(0, 0, 0, 7)",-288.9773672987466,EXESSIVE_AVAILABLE_CAPACITY_UNTIL_PRICE_LIMIT_9999_€/MWh,1,4
2024-01-18,2.51,2.46831365072211,"(3, 0, 0)","(0, 0, 0, 7)",-299.7315073911559,EXESSIVE_AVAILABLE_CAPACITY_UNTIL_PRICE_LIMIT_9999_€/MWh,1,4
2024-01-19,2.43,2.272429694124589,"(3, 0, 0)","(0, 0, 0, 7)",-302.34884863192656,EXESSIVE_AVAILABLE_CAPACITY_UNTIL_PRICE_LIMIT_9999_€/MWh,1,4
2024-01-20,2.44,2.4702766963263225,"(1, 0, 2)","(0, 0, 0, 7)",-307.7248320734058,EXESSIVE_AVAILABLE_CAPACITY_UNTIL_PRICE_LIMIT_9999_€/MWh,1,4
2024-01-21,3.53,2.2518571016566025,"(3, 0, 0)","(0, 0, 0, 7)",-316.0266098292951,EXESSIVE_AVAILABLE_CAPACITY_UNTIL_PRICE_LIMIT_9999_€/MWh,1,4
2024-01-22,3.56,2.822679859179493,"(1, 0, 1)","(0, 0, 0, 7)",-308.7971777747173,EXESSIVE_AVAILABLE_CAPACITY_UNTIL_PRICE_LIMIT_9999_€/MWh,1,4
2024-01-23,3.39,2.8547359877950265,"(3, 0, 0)","(0, 0, 0, 7)",-318.63289862210064,EXESSIVE_AVAILABLE_CAPACITY_UNTIL_PRICE_LIMIT_9999_€/MWh,1,4
2024-01-24,3.21,3.0243427969244663,"(3, 0, 0)","(0, 0, 0, 7)",-324.6311571124014,EXESSIVE_AVAILABLE_CAPACITY_UNTIL_PRICE_LIMIT_9999_€/MWh,1,4
2024-01-25,3.02,2.990556348989229,"(3, 0, 0)","(0, 0, 0, 7)",-327.7970610235254,EXESSIVE_AVAILABLE_CAPACITY_UNTIL_PRICE_LIMIT_9999_€/MWh,1,4
2024-01-26,2.89,2.9782143988876904,"(3, 0, 0)","(0, 0, 0, 7)",-329.9477465758847,EXESSIVE_AVAILABLE_CAPACITY_UNTIL_PRICE_LIMIT_9999_€/MWh,1,4
2024-01-27,2.93,2.533433690012983,"(1, 0, 1)","(0, 0, 0, 7)",-331.6620301255838,EXESSIVE_AVAILABLE_CAPACITY_UNTIL_PRICE_LIMIT_9999_€/MWh,1,4
2024-01-28,3.35,2.79235651981229,"(3, 0, 0)","(0, 0, 0, 7)",-334.01639042352383,EXESSIVE_AVAILABLE_CAPACITY_UNTIL_PRICE_LIMIT_9999_€/MWh,1,4
2024-01-29,3.47,2.7967284717747045,"(3, 0, 0)","(0, 0, 0, 7)",-337.2155486170607,EXESSIVE_AVAILABLE_CAPACITY_UNTIL_PRICE_LIMIT_9999_€/MWh,1,4
2024-01-30,3.43,3.0886096918139465,"(1, 0, 1)","(0, 0, 0, 7)",-337.25199934488177,EXESSIVE_AVAILABLE_CAPACITY_UNTIL_PRICE_LIMIT_9999_€/MWh,1,4
2024-01-31,3.36,2.9424145852960852,"(3, 0, 0)","(0, 0, 0, 7)",-341.4916932506652,EXESSIVE_AVAILABLE_CAPACITY_UNTIL_PRICE_LIMIT_9999_€/MWh,1,4
2024-02-01,3.09,2.9056877030363375,"(3, 0, 0)","(0, 0, 0, 7)",-348.76837002481653,EXESSIVE_AVAILABLE_CAPACITY_UNTIL_PRICE_LIMIT_9999_€/MWh,1,4
2024-02-02,2.88,2.847992920546735,"(3, 0, 0)","(0, 0, 0, 7)",-351.3982903435821,EXESSIVE_AVAILABLE_CAPACITY_UNTIL_PRICE_LIMIT_9999_€/MWh,1,4
2024-02-03,2.76,2.5491742354740894,"(3, 0, 0)","(0, 0, 0, 7)",-357.3817814902805,EXESSIVE_AVAILABLE_CAPACITY_UNTIL_PRICE_LIMIT_9999_€/MWh,1,4
2024-02-04,2.68,2.521329520768412,"(3, 0, 0)","(0, 0, 0, 7)",-360.1946278186504,EXESSIVE_AVAILABLE_CAPACITY_UNTIL_PRICE_LIMIT_9999_€/MWh,1,4
2024-02-05,2.85,2.4006486049277886,"(3, 0, 0)","(0, 0, 0, 7)",-359.98682868171454,EXESSIVE_AVAILABLE_CAPACITY_UNTIL_PRICE_LIMIT_9999_€/MWh,1,4
2024-02-06,2.8,2.546325405709211,"(3, 0, 0)","(0, 0, 0, 7)",-360.34429309001,EXESSIVE_AVAILABLE_CAPACITY_UNTIL_PRICE_LIMIT_9999_€/MWh,1,4
2024-02-07,2.73,2.525663852334623,"(3, 0, 0)","(0, 0, 0, 7)",-362.10708783751716,EXESSIVE_AVAILABLE_CAPACITY_UNTIL_PRICE_LIMIT_9999_€/MWh,1,4
2024-02-08,2.83,2.736784011924053,"(3, 0, 0)","(0, 0, 0, 7)",-368.8317904383464,EXESSIVE_AVAILABLE_CAPACITY_UNTIL_PRICE_LIMIT_9999_€/MWh,1,4
2024-02-09,2.72,2.4817570012591625,"(3, 0, 0)","(0, 0, 0, 7)",-371.4348503062265,EXESSIVE_AVAILABLE_CAPACITY_UNTIL_PRICE_LIMIT_9999_€/MWh,1,4
2024-02-10,2.49,2.5071251950051225,"(3, 0, 0)","(0, 0, 0, 7)",-376.1073357683198,EXESSIVE_AVAILABLE_CAPACITY_UNTIL_PRICE_LIMIT_9999_€/MWh,1,4
2024-02-11,2.41,2.264523368541701,"(3, 0, 0)","(0, 0, 0, 7)",-387.5759152820259,EXESSIVE_AVAILABLE_CAPACITY_UNTIL_PRICE_LIMIT_9999_€/MWh,1,4
2024-02-12,2.4,2.264525313959426,"(3, 0, 0)","(0, 0, 0, 7)",-391.04600168462423,EXESSIVE_AVAILABLE_CAPACITY_UNTIL_PRICE_LIMIT_9999_€/MWh,1,4
2024-02-13,2.34,2.161205281309486,"(3, 0, 0)","(0, 0, 0, 7)",-400.8423527440052,EXESSIVE_AVAILABLE_CAPACITY_UNTIL_PRICE_LIMIT_9999_€/MWh,1,4
2024-02-14,2.16,2.108169346056739,"(3, 0, 0)","(0, 0, 0, 7)",-406.0704533906113,EXESSIVE_AVAILABLE_CAPACITY_UNTIL_PRICE_LIMIT_9999_€/MWh,1,4
2024-02-15,2.02,2.0037530882931387,"(3, 0, 0)","(0, 0, 0, 7)",-404.9015748464194,EXESSIVE_AVAILABLE_CAPACITY_UNTIL_PRICE_LIMIT_9999_€/MWh,1,4
2024-02-16,1.96,1.8839195195773202,"(3, 0, 0)","(0, 0, 0, 7)",-405.17089283871564,EXESSIVE_AVAILABLE_CAPACITY_UNTIL_PRICE_LIMIT_9999_€/MWh,1,4
2024-02-17,1.86,1.8306522892915724,"(3, 0, 0)","(0, 0, 0, 7)",-405.2042542403282,EXESSIVE_AVAILABLE_CAPACITY_UNTIL_PRICE_LIMIT_9999_€/MWh,1,4
2024-02-18,2.15,1.7572453722883128,"(3, 0, 0)","(0, 0, 0, 7)",-406.3340542599166,EXESSIVE_AVAILABLE_CAPACITY_UNTIL_PRICE_LIMIT_9999_€/MWh,1,4
2024-02-19,2.31,1.8633844393935493,"(3, 0, 0)","(0, 0, 0, 7)",-405.786956344769,EXESSIVE_AVAILABLE_CAPACITY_UNTIL_PRICE_LIMIT_9999_€/MWh,1,4
2024-02-20,2.43,1.956681307168155,"(3, 0, 0)","(0, 0, 0, 7)",-405.9695593687908,EXESSIVE_AVAILABLE_CAPACITY_UNTIL_PRICE_LIMIT_9999_€/MWh,1,4
2024-02-21,2.25,2.068190703311439,"(3, 0, 0)","(0, 0, 0, 7)",-405.974546907291,EXESSIVE_AVAILABLE_CAPACITY_UNTIL_PRICE_LIMIT_9999_€/MWh,1,4
2024-02-22,2.15,2.0037205012480594,"(3, 0, 0)","(0, 0, 0, 7)",-405.2234582977606,EXESSIVE_AVAILABLE_CAPACITY_UNTIL_PRICE_LIMIT_9999_€/MWh,1,4
2024-02-23,1.97,1.9606684231998088,"(3, 0, 0)","(0, 0, 0, 7)",-406.4782415336818,EXESSIVE_AVAILABLE_CAPACITY_UNTIL_PRICE_LIMIT_9999_€/MWh,1,4
2024-02-24,2.1,1.8392068580402814,"(3, 0, 0)","(0, 0, 0, 7)",-405.28601274685934,EXESSIVE_AVAILABLE_CAPACITY_UNTIL_PRICE_LIMIT_9999_€/MWh,1,4
2024-02-25,2.3,1.841956256181803,"(1, 0, 1)","(0, 0, 0, 7)",-404.0385923156131,EXESSIVE_AVAILABLE_CAPACITY_UNTIL_PRICE_LIMIT_9999_€/MWh,1,4
2024-02-26,2.28,1.9446625720990944,"(1, 0, 1)","(0, 0, 0, 7)",-404.6545970785882,EXESSIVE_AVAILABLE_CAPACITY_UNTIL_PRICE_LIMIT_9999_€/MWh,1,4
2024-02-27,2.21,1.966286979508102,"(1, 0, 1)","(0, 0, 0, 7)",-404.2959631100047,EXESSIVE_AVAILABLE_CAPACITY_UNTIL_PRICE_LIMIT_9999_€/MWh,1,4
2024-02-28,3.35,1.9191658593129133,"(1, 0, 1)","(0, 0, 0, 7)",-404.2540066226817,EXESSIVE_AVAILABLE_CAPACITY_UNTIL_PRICE_LIMIT_9999_€/MWh,1,4
2024-02-29,4.75,2.5030251198551134,"(1, 0, 1)","(0, 0, 0, 7)",-380.6131630159404,EXESSIVE_AVAILABLE_CAPACITY_UNTIL_PRICE_LIMIT_9999_€/MWh,1,4
2024-03-01,3.79,3.1976742906749083,"(3, 0, 0)","(0, 0, 0, 7)",-370.1433298793123,EXESSIVE_AVAILABLE_CAPACITY_UNTIL_PRICE_LIMIT_9999_€/MWh,1,4
2024-03-02,3.38,2.9495792521849014,"(1, 0, 2)","(0, 0, 0, 7)",-361.4668168348035,EXESSIVE_AVAILABLE_CAPACITY_UNTIL_PRICE_LIMIT_9999_€/MWh,1,4
2024-03-03,3.14,2.878913875343219,"(1, 0, 2)","(0, 0, 0, 7)",-361.49617501152716,EXESSIVE_AVAILABLE_CAPACITY_UNTIL_PRICE_LIMIT_9999_€/MWh,1,4
2024-03-04,3.11,2.7924325253891173,"(1, 0, 2)","(0, 0, 0, 7)",-359.9404530449147,EXESSIVE_AVAILABLE_CAPACITY_UNTIL_PRICE_LIMIT_9999_€/MWh,1,4
2024-03-05,2.9,2.5927733419150516,"(3, 0, 0)","(0, 0, 0, 7)",-362.4869196027907,EXESSIVE_AVAILABLE_CAPACITY_UNTIL_PRICE_LIMIT_9999_€/MWh,1,4
2024-03-06,2.86,2.449497617158545,"(3, 0, 0)","(0, 0, 0, 7)",-361.8207575223104,EXESSIVE_AVAILABLE_CAPACITY_UNTIL_PRICE_LIMIT_9999_€/MWh,1,4
2024-03-07,2.82,2.4126841412744064,"(3, 0, 0)","(0, 0, 0, 7)",-362.59816067025497,EXESSIVE_AVAILABLE_CAPACITY_UNTIL_PRICE_LIMIT_9999_€/MWh,1,4
2024-03-08,2.7,2.3874603114807327,"(3, 0, 0)","(0, 0, 0, 7)",-363.2899231391058,EXESSIVE_AVAILABLE_CAPACITY_UNTIL_PRICE_LIMIT_9999_€/MWh,1,4
2024-03-09,2.82,2.3434023103825203,"(3, 0, 0)","(0, 0, 0, 7)",-376.6214965268838,EXESSIVE_AVAILABLE_CAPACITY_UNTIL_PRICE_LIMIT_9999_€/MWh,1,4
2024-03-10,3.66,2.367039940633366,"(3, 0, 0)","(0, 0, 0, 7)",-385.01786120390705,EXESSIVE_AVAILABLE_CAPACITY_UNTIL_PRICE_LIMIT_9999_€/MWh,1,4
2024-03-11,3.85,2.7447113820695255,"(1, 0, 2)","(0, 0, 0, 7)",-377.02730572307246,EXESSIVE_AVAILABLE_CAPACITY_UNTIL_PRICE_LIMIT_9999_€/MWh,1,4
2024-03-12,3.54,2.5967543846504264,"(3, 0, 0)","(0, 0, 0, 7)",-377.7153792206718,EXESSIVE_AVAILABLE_CAPACITY_UNTIL_PRICE_LIMIT_9999_€/MWh,1,4
2024-03-13,3.24,2.6796632827734648,"(3, 0, 0)","(0, 0, 0, 7)",-380.0626720345309,EXESSIVE_AVAILABLE_CAPACITY_UNTIL_PRICE_LIMIT_9999_€/MWh,1,4
2024-03-14,3.01,2.714685273125588,"(1, 0, 3)","(0, 0, 0, 7)",-390.0148260398482,EXESSIVE_AVAILABLE_CAPACITY_UNTIL_PRICE_LIMIT_9999_€/MWh,1,4
2024-03-15,2.8,2.555443411439542,"(1, 0, 3)","(0, 0, 0, 7)",-389.61079231845224,EXESSIVE_AVAILABLE_CAPACITY_UNTIL_PRICE_LIMIT_9999_€/MWh,1,4
2024-03-16,3.12,2.4141461163939737,"(3, 0, 0)","(0, 0, 0, 7)",-389.3008455265172,EXESSIVE_AVAILABLE_CAPACITY_UNTIL_PRICE_LIMIT_9999_€/MWh,1,4
2024-03-17,3.09,2.6807522137717577,"(1, 0, 3)","(0, 0, 0, 7)",-388.46586302826677,EXESSIVE_AVAILABLE_CAPACITY_UNTIL_PRICE_LIMIT_9999_€/MWh,1,4
2024-03-18,3.0,2.5560672418399952,"(1, 0, 3)","(0, 0, 0, 7)",-387.64130590044806,EXESSIVE_AVAILABLE_CAPACITY_UNTIL_PRICE_LIMIT_9999_€/MWh,1,4
2024-03-19,2.84,2.337611273579756,"(1, 0, 3)","(0, 0, 0, 7)",-388.3579695996182,EXESSIVE_AVAILABLE_CAPACITY_UNTIL_PRICE_LIMIT_9999_€/MWh,1,4
2024-03-20,2.79,2.3994370208704434,"(1, 0, 3)","(0, 0, 0, 7)",-387.7374292442257,EXESSIVE_AVAILABLE_CAPACITY_UNTIL_PRICE_LIMIT_9999_€/MWh,1,4
2024-03-21,2.85,2.4549665223217296,"(1, 0, 3)","(0, 0, 0, 7)",-387.67408303778984,EXESSIVE_AVAILABLE_CAPACITY_UNTIL_PRICE_LIMIT_9999_€/MWh,1,4
2024-03-22,2.78,2.362088079775098,"(3, 0, 0)","(0, 0, 0, 7)",-388.8342513563996,EXESSIVE_AVAILABLE_CAPACITY_UNTIL_PRICE_LIMIT_9999_€/MWh,1,4
2024-03-23,4.6,2.2207602762928538,"(3, 0, 0)","(0, 0, 0, 7)",-388.74142194636704,EXESSIVE_AVAILABLE_CAPACITY_UNTIL_PRICE_LIMIT_9999_€/MWh,1,4
2024-03-24,5.25,3.343861449795287,"(1, 0, 1)","(0, 0, 0, 7)",-353.5507713296835,EXESSIVE_AVAILABLE_CAPACITY_UNTIL_PRICE_LIMIT_9999_€/MWh,1,4
2024-03-25,4.52,3.3623445678451644,"(1, 0, 2)","(0, 0, 0, 7)",-354.0278406008631,EXESSIVE_AVAILABLE_CAPACITY_UNTIL_PRICE_LIMIT_9999_€/MWh,1,4
2024-03-26,4.05,3.1475239135341746,"(2, 0, 2)","(0, 0, 0, 7)",-354.92247639161747,EXESSIVE_AVAILABLE_CAPACITY_UNTIL_PRICE_LIMIT_9999_€/MWh,1,4
2024-03-27,3.74,3.6045970509197796,"(1, 0, 3)","(0, 0, 0, 7)",-356.2093861390853,EXESSIVE_AVAILABLE_CAPACITY_UNTIL_PRICE_LIMIT_9999_€/MWh,1,4
2024-03-28,3.94,2.9213108317759966,"(2, 0, 2)","(0, 0, 0, 7)",-355.8705264497448,EXESSIVE_AVAILABLE_CAPACITY_UNTIL_PRICE_LIMIT_9999_€/MWh,1,4
2024-03-29,4.33,3.288303916534066,"(3, 0, 0)","(0, 0, 0, 7)",-356.6485560937979,EXESSIVE_AVAILABLE_CAPACITY_UNTIL_PRICE_LIMIT_9999_€/MWh,1,4
2024-03-30,5.52,2.6572743168499287,"(3, 0, 0)","(0, 0, 0, 7)",-356.1289900653403,EXESSIVE_AVAILABLE_CAPACITY_UNTIL_PRICE_LIMIT_9999_€/MWh,1,4
2024-03-31,7.08,3.6507874950487587,"(3, 0, 0)","(0, 0, 1, 7)",-353.6080010943972,EXESSIVE_AVAILABLE_CAPACITY_UNTIL_PRICE_LIMIT_9999_€/MWh,1,4
2024-04-01,6.79,3.768385598596563,"(3, 0, 0)","(0, 0, 1, 7)",-356.256246328247,EXESSIVE_AVAILABLE_CAPACITY_UNTIL_PRICE_LIMIT_9999_€/MWh,1,4
2024-04-02,6.02,4.108613619916994,"(3, 0, 0)","(0, 0, 1, 7)",-354.5618243415084,EXESSIVE_AVAILABLE_CAPACITY_UNTIL_PRICE_LIMIT_9999_€/MWh,1,4
2024-04-03,5.46,3.6738368102199717,"(3, 0, 0)","(0, 0, 1, 7)",-354.3810232353243,EXESSIVE_AVAILABLE_CAPACITY_UNTIL_PRICE_LIMIT_9999_€/MWh,1,4
2024-04-04,5.08,3.9572032611799806,"(3, 0, 0)","(0, 0, 1, 7)",-354.72189773573143,EXESSIVE_AVAILABLE_CAPACITY_UNTIL_PRICE_LIMIT_9999_€/MWh,1,4
2024-04-05,4.73,3.610201089395214,"(1, 0, 1)","(0, 0, 1, 7)",-354.45139200208587,EXESSIVE_AVAILABLE_CAPACITY_UNTIL_PRICE_LIMIT_9999_€/MWh,1,4
2024-04-06,4.55,3.719075867808394,"(3, 0, 0)","(0, 0, 1, 7)",-355.843719508083,EXESSIVE_AVAILABLE_CAPACITY_UNTIL_PRICE_LIMIT_9999_€/MWh,1,4
2024-04-07,4.5,3.6657359240472025,"(1, 0, 1)","(0, 0, 2, 7)",-353.65538762316623,EXESSIVE_AVAILABLE_CAPACITY_UNTIL_PRICE_LIMIT_9999_€/MWh,1,4
2024-04-08,4.62,2.920322462378459,"(1, 0, 1)","(0, 0, 1, 7)",-355.495351760234,EXESSIVE_AVAILABLE_CAPACITY_UNTIL_PRICE_LIMIT_9999_€/MWh,1,4
2024-04-09,4.45,3.2564810750580278,"(1, 0, 1)","(0, 0, 1, 7)",-355.78026070163276,EXESSIVE_AVAILABLE_CAPACITY_UNTIL_PRICE_LIMIT_9999_€/MWh,1,4
2024-04-10,4.23,3.5284933192182986,"(3, 0, 0)","(0, 0, 1, 7)",-356.50756894254494,EXESSIVE_AVAILABLE_CAPACITY_UNTIL_PRICE_LIMIT_9999_€/MWh,1,4
2024-04-11,4.5,2.9765602487592564,"(3, 0, 0)","(0, 0, 1, 7)",-356.8394404860669,EXESSIVE_AVAILABLE_CAPACITY_UNTIL_PRICE_LIMIT_9999_€/MWh,1,4
2024-04-12,5.72,3.094845930439173,"(3, 0, 0)","(0, 0, 1, 7)",-355.88019669635366,EXESSIVE_AVAILABLE_CAPACITY_UNTIL_PRICE_LIMIT_9999_€/MWh,1,4
2024-04-13,6.03,3.8042799819768898,"(3, 0, 0)","(0, 0, 1, 7)",-349.0965530239027,EXESSIVE_AVAILABLE_CAPACITY_UNTIL_PRICE_LIMIT_9999_€/MWh,1,4
2024-04-14,5.97,4.126926616817674,"(3, 0, 0)","(0, 0, 1, 7)",-350.47480221844205,EXESSIVE_AVAILABLE_CAPACITY_UNTIL_PRICE_LIMIT_9999_€/MWh,1,4
2024-04-15,6.49,3.595509074551479,"(3, 0, 0)","(0, 0, 1, 7)",-348.67534873749565,EXESSIVE_AVAILABLE_CAPACITY_UNTIL_PRICE_LIMIT_9999_€/MWh,1,4
2024-04-16,5.91,4.4588513755843096,"(3, 0, 0)","(0, 0, 1, 7)",-346.54617309203786,EXESSIVE_AVAILABLE_CAPACITY_UNTIL_PRICE_LIMIT_9999_€/MWh,1,4
2024-04-17,16.01,3.7670028911044686,"(3, 0, 0)","(0, 0, 1, 7)",-354.2096401699912,EXESSIVE_AVAILABLE_CAPACITY_UNTIL_PRICE_LIMIT_9999_€/MWh,1,4
2024-04-18,15.31,4.283599194453499,"(1, 0, 0)","(1, 0, 0, 7)",-333.7864913074802,EXESSIVE_AVAILABLE_CAPACITY_UNTIL_PRICE_LIMIT_9999_€/MWh,1,4
2024-04-19,11.32,4.540474209681878,"(1, 0, 1)","(0, 0, 1, 7)",-353.5802151797842,EXESSIVE_AVAILABLE_CAPACITY_UNTIL_PRICE_LIMIT_9999_€/MWh,1,4
2024-04-20,9.12,4.6910197638721804,"(1, 0, 1)","(0, 0, 1, 7)",-344.8627948214521,EXESSIVE_AVAILABLE_CAPACITY_UNTIL_PRICE_LIMIT_9999_€/MWh,1,4
2024-04-21,7.82,4.5238598612153735,"(1, 0, 1)","(0, 0, 1, 7)",-339.1059189465806,EXESSIVE_AVAILABLE_CAPACITY_UNTIL_PRICE_LIMIT_9999_€/MWh,1,4
2024-04-22,7.75,5.743367733887239,"(1, 0, 1)","(1, 0, 0, 7)",-330.59084040345033,EXESSIVE_AVAILABLE_CAPACITY_UNTIL_PRICE_LIMIT_9999_€/MWh,1,4
2024-04-23,8.04,6.174506185799787,"(1, 0, 1)","(1, 0, 0, 7)",-321.0607970373035,EXESSIVE_AVAILABLE_CAPACITY_UNTIL_PRICE_LIMIT_9999_€/MWh,1,4
2024-04-24,8.19,7.04047882974789,"(1, 0, 1)","(1, 0, 0, 7)",-303.33240277287143,EXESSIVE_AVAILABLE_CAPACITY_UNTIL_PRICE_LIMIT_9999_€/MWh,1,4
2024-04-25,7.46,6.881066478001055,"(1, 0, 1)","(1, 0, 0, 7)",-301.12283817680395,EXESSIVE_AVAILABLE_CAPACITY_UNTIL_PRICE_LIMIT_9999_€/MWh,1,4
2024-04-26,7.03,7.0154638348403076,"(1, 0, 1)","(1, 0, 0, 7)",-301.5595008210764,EXESSIVE_AVAILABLE_CAPACITY_UNTIL_PRICE_LIMIT_9999_€/MWh,1,4
2024-04-27,6.78,6.994100521735347,"(1, 0, 1)","(1, 0, 0, 7)",-302.0155108416278,EXESSIVE_AVAILABLE_CAPACITY_UNTIL_PRICE_LIMIT_9999_€/MWh,1,4
2024-04-28,6.52,5.665534090354457,"(1, 0, 1)","(1, 0, 0, 7)",-302.8214547648565,EXESSIVE_AVAILABLE_CAPACITY_UNTIL_PRICE_LIMIT_9999_€/MWh,1,4
2024-04-29,6.78,6.136725581234267,"(1, 0, 1)","(1, 0, 0, 7)",-303.09552028714734,EXESSIVE_AVAILABLE_CAPACITY_UNTIL_PRICE_LIMIT_9999_€/MWh,1,4
2024-04-30,6.57,5.182901134952484,"(3, 0, 1)","(0, 0, 0, 7)",-307.0567410727335,EXESSIVE_AVAILABLE_CAPACITY_UNTIL_PRICE_LIMIT_9999_€/MWh,1,4
2024-05-01,6.52,6.081544431285254,"(1, 0, 1)","(1, 0, 0, 7)",-305.23121543743395,EXESSIVE_AVAILABLE_CAPACITY_UNTIL_PRICE_LIMIT_9999_€/MWh,1,4
2024-05-02,6.42,5.043647302002295,"(3, 0, 1)","(0, 0, 0, 7)",-305.4069961450442,EXESSIVE_AVAILABLE_CAPACITY_UNTIL_PRICE_LIMIT_9999_€/MWh,1,4
2024-05-03,6.19,5.007839501500817,"(3, 0, 1)","(0, 0, 0, 7)",-305.42640615320954,EXESSIVE_AVAILABLE_CAPACITY_UNTIL_PRICE_LIMIT_9999_€/MWh,1,4
2024-05-04,6.32,5.027459456316248,"(3, 0, 1)","(0, 0, 0, 7)",-305.33761818614994,EXESSIVE_AVAILABLE_CAPACITY_UNTIL_PRICE_LIMIT_9999_€/MWh,1,4
2024-05-05,6.24,5.0148669721566375,"(3, 0, 1)","(0, 0, 0, 7)",-305.31426714022695,EXESSIVE_AVAILABLE_CAPACITY_UNTIL_PRICE_LIMIT_9999_€/MWh,1,4
2024-05-06,6.2,5.053188396835003,"(3, 0, 1)","(0, 0, 0, 7)",-305.4053146232394,EXESSIVE_AVAILABLE_CAPACITY_UNTIL_PRICE_LIMIT_9999_€/MWh,1,4
2024-05-07,6.02,5.079137245453019,"(3, 0, 1)","(0, 0, 0, 7)",-305.4859588322133,EXESSIVE_AVAILABLE_CAPACITY_UNTIL_PRICE_LIMIT_9999_€/MWh,1,4
2024-05-08,5.83,5.023743219007845,"(3, 0, 1)","(0, 0, 0, 7)",-305.4997603139449,EXESSIVE_AVAILABLE_CAPACITY_UNTIL_PRICE_LIMIT_9999_€/MWh,1,4
2024-05-09,5.96,4.917033016782724,"(3, 0, 1)","(0, 0, 0, 7)",-305.5289253109446,EXESSIVE_AVAILABLE_CAPACITY_UNTIL_PRICE_LIMIT_9999_€/MWh,1,4
2024-05-10,5.76,4.979737781107497,"(3, 0, 1)","(0, 0, 0, 7)",-305.7730682143902,EXESSIVE_AVAILABLE_CAPACITY_UNTIL_PRICE_LIMIT_9999_€/MWh,1,4
2024-05-11,5.61,4.855837061351102,"(3, 0, 1)","(0, 0, 0, 7)",-305.6743999262182,EXESSIVE_AVAILABLE_CAPACITY_UNTIL_PRICE_LIMIT_9999_€/MWh,1,4
2024-05-12,5.47,5.006576028885495,"(1, 0, 0)","(1, 0, 0, 7)",-297.31468097302724,EXESSIVE_AVAILABLE_CAPACITY_UNTIL_PRICE_LIMIT_9999_€/MWh,1,4
2024-05-13,5.43,4.633906944263306,"(1, 0, 1)","(0, 0, 1, 7)",-306.7316079721477,EXESSIVE_AVAILABLE_CAPACITY_UNTIL_PRICE_LIMIT_9999_€/MWh,1,4
2024-05-14,5.44,4.550587050413255,"(3, 0, 1)","(0, 0, 0, 7)",-306.687733799693,EXESSIVE_AVAILABLE_CAPACITY_UNTIL_PRICE_LIMIT_9999_€/MWh,1,4
2024-05-15,5.31,4.506708859377087,"(1, 0, 1)","(0, 0, 0, 7)",-307.02017056189266,EXESSIVE_AVAILABLE_CAPACITY_UNTIL_PRICE_LIMIT_9999_€/MWh,1,4
2024-05-16,5.16,4.649064134796822,"(3, 0, 0)","(0, 0, 1, 7)",-307.40070652631715,EXESSIVE_AVAILABLE_CAPACITY_UNTIL_PRICE_LIMIT_9999_€/MWh,1,4
2024-05-17,4.96,4.702371904910154,"(3, 0, 0)","(0, 0, 1, 7)",-307.59542686229065,EXESSIVE_AVAILABLE_CAPACITY_UNTIL_PRICE_LIMIT_9999_€/MWh,1,4
2024-05-18,4.76,4.474339371543349,"(3, 0, 0)","(0, 0, 1, 7)",-307.5708897775381,EXESSIVE_AVAILABLE_CAPACITY_UNTIL_PRICE_LIMIT_9999_€/MWh,1,4
2024-05-19,4.56,4.488618907982643,"(3, 0, 1)","(0, 0, 1, 7)",-308.9171712996066,EXESSIVE_AVAILABLE_CAPACITY_UNTIL_PRICE_LIMIT_9999_€/MWh,1,4
2024-05-20,4.64,4.755248785328845,"(2, 0, 0)","(1, 0, 0, 7)",-308.9410424334085,EXESSIVE_AVAILABLE_CAPACITY_UNTIL_PRICE_LIMIT_9999_€/MWh,1,4
2024-05-21,4.71,4.130810473905591,"(1, 0, 1)","(0, 0, 1, 7)",-309.6810794994359,EXESSIVE_AVAILABLE_CAPACITY_UNTIL_PRICE_LIMIT_9999_€/MWh,1,4
2024-05-22,4.42,3.9676177346851254,"(3, 0, 1)","(0, 0, 1, 7)",-314.41497773423697,EXESSIVE_AVAILABLE_CAPACITY_UNTIL_PRICE_LIMIT_9999_€/MWh,1,4
2024-05-23,4.75,4.196913738271958,"(3, 0, 0)","(0, 0, 1, 7)",-351.78893099377115,EXESSIVE_AVAILABLE_CAPACITY_UNTIL_PRICE_LIMIT_9999_€/MWh,1,4
2024-05-24,5.32,4.449454429199815,"(3, 0, 0)","(0, 0, 1, 7)",-351.55861681664226,EXESSIVE_AVAILABLE_CAPACITY_UNTIL_PRICE_LIMIT_9999_€/MWh,1,4
2024-05-25,5.24,4.386673264349245,"(3, 0, 0)","(0, 0, 1, 7)",-355.2504569449186,EXESSIVE_AVAILABLE_CAPACITY_UNTIL_PRICE_LIMIT_9999_€/MWh,1,4
2024-05-26,5.42,4.595309588803636,"(3, 0, 0)","(0, 0, 1, 7)",-362.05372189188245,EXESSIVE_AVAILABLE_CAPACITY_UNTIL_PRICE_LIMIT_9999_€/MWh,1,4
2024-05-27,5.34,4.663498134124266,"(3, 0, 0)","(0, 0, 1, 7)",-363.66203898186484,EXESSIVE_AVAILABLE_CAPACITY_UNTIL_PRICE_LIMIT_9999_€/MWh,1,4
2024-05-28,5.26,4.94656274019946,"(3, 0, 0)","(0, 0, 1, 7)",-364.39871507489136,EXESSIVE_AVAILABLE_CAPACITY_UNTIL_PRICE_LIMIT_9999_€/MWh,1,4
2024-05-29,4.95,4.574585441161835,"(3, 0, 0)","(0, 0, 1, 7)",-365.1403658753227,EXESSIVE_AVAILABLE_CAPACITY_UNTIL_PRICE_LIMIT_9999_€/MWh,1,4
2024-05-30,4.57,4.705996108765329,"(3, 0, 0)","(0, 0, 1, 7)",-367.01779428598775,EXESSIVE_AVAILABLE_CAPACITY_UNTIL_PRICE_LIMIT_9999_€/MWh,1,4
2024-05-31,4.53,4.432459181681542,"(3, 0, 0)","(0, 0, 1, 7)",-369.39281491201064,EXESSIVE_AVAILABLE_CAPACITY_UNTIL_PRICE_LIMIT_9999_€/MWh,1,4
2024-06-01,4.66,4.184527643628519,"(3, 0, 0)","(0, 0, 1, 7)",-369.8307185880343,EXESSIVE_AVAILABLE_CAPACITY_UNTIL_PRICE_LIMIT_9999_€/MWh,1,4
2024-06-02,7.24,4.087529643432204,"(3, 0, 0)","(0, 0, 1, 7)",-369.81392357488807,EXESSIVE_AVAILABLE_CAPACITY_UNTIL_PRICE_LIMIT_9999_€/MWh,1,4
2024-06-03,8.36,5.5847952194510775,"(3, 0, 0)","(0, 0, 1, 7)",-345.8203517955808,EXESSIVE_AVAILABLE_CAPACITY_UNTIL_PRICE_LIMIT_9999_€/MWh,1,4
2024-06-04,26.7,6.7121670088442045,"(3, 0, 0)","(0, 0, 1, 7)",-342.35021806968575,EXESSIVE_AVAILABLE_CAPACITY_UNTIL_PRICE_LIMIT_9999_€/MWh,1,4
2024-06-05,22.43,6.488400270534282,"(3, 0, 0)","(0, 0, 1, 7)",-339.12471007919703,EXESSIVE_AVAILABLE_CAPACITY_UNTIL_PRICE_LIMIT_9999_€/MWh,1,4
2024-06-06,17.42,7.186310819821943,"(3, 0, 0)","(0, 0, 1, 7)",-337.900282089225,EXESSIVE_AVAILABLE_CAPACITY_UNTIL_PRICE_LIMIT_9999_€/MWh,1,4
2024-06-07,14.1,7.675061543630648,"(3, 0, 0)","(0, 0, 1, 7)",-338.0407663116691,EXESSIVE_AVAILABLE_CAPACITY_UNTIL_PRICE_LIMIT_9999_€/MWh,1,4
2024-06-08,11.84,7.458174859611757,"(3, 0, 0)","(0, 0, 1, 7)",-337.5001015930944,EXESSIVE_AVAILABLE_CAPACITY_UNTIL_PRICE_LIMIT_9999_€/MWh,1,4
2024-06-09,10.21,7.7370257039504695,"(1, 0, 1)","(0, 0, 1, 7)",-336.763073986402,EXESSIVE_AVAILABLE_CAPACITY_UNTIL_PRICE_LIMIT_9999_€/MWh,1,4
2024-06-10,9.76,8.794818232651334,"(1, 0, 1)","(0, 0, 1, 7)",-324.85068818138217,EXESSIVE_AVAILABLE_CAPACITY_UNTIL_PRICE_LIMIT_9999_€/MWh,1,4
2024-06-11,9.25,8.821204737031874,"(1, 0, 1)","(0, 0, 1, 7)",-314.5087932653082,EXESSIVE_AVAILABLE_CAPACITY_UNTIL_PRICE_LIMIT_9999_€/MWh,1,4
2024-06-12,8.95,9.360002304150182,"(3, 0, 0)","(0, 0, 1, 7)",-312.8707702087221,EXESSIVE_AVAILABLE_CAPACITY_UNTIL_PRICE_LIMIT_9999_€/MWh,1,4
2024-06-13,8.73,9.154820477531166,"(1, 0, 1)","(0, 0, 1, 7)",-314.11108119876553,EXESSIVE_AVAILABLE_CAPACITY_UNTIL_PRICE_LIMIT_9999_€/MWh,1,4
2024-06-14,8.26,8.447840572767289,"(1, 0, 1)","(0, 0, 1, 7)",-314.18588328838257,EXESSIVE_AVAILABLE_CAPACITY_UNTIL_PRICE_LIMIT_9999_€/MWh,1,4
2024-06-15,7.61,7.804265305253714,"(1, 0, 1)","(0, 0, 1, 7)",-314.24989148596757,EXESSIVE_AVAILABLE_CAPACITY_UNTIL_PRICE_LIMIT_9999_€/MWh,1,4
2024-06-16,7.06,7.298520874431405,"(1, 0, 1)","(0, 0, 1, 7)",-314.2186805023682,EXESSIVE_AVAILABLE_CAPACITY_UNTIL_PRICE_LIMIT_9999_€/MWh,1,4
2024-06-17,7.19,7.256232089459088,"(1, 0, 1)","(0, 0, 1, 7)",-314.5010910937391,EXESSIVE_AVAILABLE_CAPACITY_UNTIL_PRICE_LIMIT_9999_€/MWh,1,4
2024-06-18,7.31,7.414612784319495,"(1, 0, 1)","(0, 0, 1, 7)",-314.9445821898719,EXESSIVE_AVAILABLE_CAPACITY_UNTIL_PRICE_LIMIT_9999_€/MWh,1,4
2024-06-19,7.48,6.877934133401694,"(1, 0, 1)","(0, 0, 1, 7)",-314.8684132468287,EXESSIVE_AVAILABLE_CAPACITY_UNTIL_PRICE_LIMIT_9999_€/MWh,1,4
2024-06-20,7.05,6.944110916576687,"(1, 0, 1)","(0, 0, 1, 7)",-314.8285740933874,EXESSIVE_AVAILABLE_CAPACITY_UNTIL_PRICE_LIMIT_9999_€/MWh,1,4
2024-06-21,6.9,6.989764648828501,"(1, 0, 1)","(0, 0, 1, 7)",-315.25576712673814,EXESSIVE_AVAILABLE_CAPACITY_UNTIL_PRICE_LIMIT_9999_€/MWh,1,4
2024-06-22,6.78,6.2363596646395365,"(1, 0, 1)","(0, 0, 1, 7)",-315.7860517958136,EXESSIVE_AVAILABLE_CAPACITY_UNTIL_PRICE_LIMIT_9999_€/MWh,1,4
2024-06-23,7.18,6.496693514387442,"(1, 0, 1)","(0, 0, 1, 7)",-315.78215904073295,EXESSIVE_AVAILABLE_CAPACITY_UNTIL_PRICE_LIMIT_9999_€/MWh,1,4
2024-06-24,7.03,6.976026722642528,"(1, 0, 1)","(0, 0, 1, 7)",-316.5585808767237,EXESSIVE_AVAILABLE_CAPACITY_UNTIL_PRICE_LIMIT_9999_€/MWh,1,4
2024-06-25,6.93,6.807009202876248,"(1, 0, 1)","(0, 0, 1, 7)",-316.9146559257521,EXESSIVE_AVAILABLE_CAPACITY_UNTIL_PRICE_LIMIT_9999_€/MWh,1,4
2024-06-26,6.63,6.739107374999236,"(1, 0, 1)","(0, 0, 1, 7)",-317.2327416341018,EXESSIVE_AVAILABLE_CAPACITY_UNTIL_PRICE_LIMIT_9999_€/MWh,1,4
2024-06-27,7.73,6.685737301484824,"(1, 0, 1)","(0, 0, 1, 7)",-317.43234811910764,EXESSIVE_AVAILABLE_CAPACITY_UNTIL_PRICE_LIMIT_9999_€/MWh,1,4
2024-06-28,7.77,7.159314364482869,"(1, 0, 1)","(0, 0, 1, 7)",-314.2542999201735,EXESSIVE_AVAILABLE_CAPACITY_UNTIL_PRICE_LIMIT_9999_€/MWh,1,4
2024-06-29,7.45,7.6175935038732545,"(1, 0, 1)","(0, 0, 1, 7)",-314.4046127225967,EXESSIVE_AVAILABLE_CAPACITY_UNTIL_PRICE_LIMIT_9999_€/MWh,1,4
2024-06-30,7.22,6.843272170108756,"(1, 0, 1)","(0, 0, 1, 7)",-314.5873673811347,EXESSIVE_AVAILABLE_CAPACITY_UNTIL_PRICE_LIMIT_9999_€/MWh,1,4
2024-07-01,7.06,7.326818559325676,"(1, 0, 1)","(0, 0, 1, 7)",-311.34454465455974,EXESSIVE_AVAILABLE_CAPACITY_UNTIL_PRICE_LIMIT_9999_€/MWh,1,4
2024-07-02,6.65,7.002289984050157,"(1, 0, 1)","(0, 0, 1, 7)",-311.3414865317517,EXESSIVE_AVAILABLE_CAPACITY_UNTIL_PRICE_LIMIT_9999_€/MWh,1,4
2024-07-03,6.38,6.558231180593638,"(1, 0, 1)","(0, 0, 1, 7)",-311.2169047187423,EXESSIVE_AVAILABLE_CAPACITY_UNTIL_PRICE_LIMIT_9999_€/MWh,1,4
2024-07-04,6.36,6.389433551440996,"(1, 0, 1)","(0, 0, 1, 7)",-311.3982897100867,EXESSIVE_AVAILABLE_CAPACITY_UNTIL_PRICE_LIMIT_9999_€/MWh,1,4
2024-07-05,6.36,6.1245376949794075,"(1, 0, 1)","(0, 0, 1, 7)",-311.4354023385953,EXESSIVE_AVAILABLE_CAPACITY_UNTIL_PRICE_LIMIT_9999_€/MWh,1,4
2024-07-06,7.16,6.237272496047455,"(1, 0, 1)","(0, 0, 1, 7)",-311.4124220550121,EXESSIVE_AVAILABLE_CAPACITY_UNTIL_PRICE_LIMIT_9999_€/MWh,1,4
2024-07-07,6.88,6.1438328638546205,"(1, 0, 1)","(0, 0, 1, 7)",-309.784250123679,EXESSIVE_AVAILABLE_CAPACITY_UNTIL_PRICE_LIMIT_9999_€/MWh,1,4
2024-07-08,6.64,7.17333565945594,"(1, 0, 1)","(0, 0, 1, 7)",-309.5819026557426,EXESSIVE_AVAILABLE_CAPACITY_UNTIL_PRICE_LIMIT_9999_€/MWh,1,4
2024-07-09,6.35,6.784843599669069,"(1, 0, 1)","(0, 0, 1, 7)",-309.5876881186995,EXESSIVE_AVAILABLE_CAPACITY_UNTIL_PRICE_LIMIT_9999_€/MWh,1,4
2024-07-10,5.96,5.715152096257269,"(1, 0, 1)","(1, 0, 0, 7)",-309.4274670840857,EXESSIVE_AVAILABLE_CAPACITY_UNTIL_PRICE_LIMIT_9999_€/MWh,1,4
2024-07-11,5.73,6.407758806604716,"(1, 0, 1)","(0, 0, 1, 7)",-309.5653646982573,EXESSIVE_AVAILABLE_CAPACITY_UNTIL_PRICE_LIMIT_9999_€/MWh,1,4
2024-07-12,5.45,6.009420735366,"(3, 0, 0)","(0, 0, 1, 7)",-308.370950402675,EXESSIVE_AVAILABLE_CAPACITY_UNTIL_PRICE_LIMIT_9999_€/MWh,1,4
2024-07-13,5.81,5.272110790452577,"(3, 0, 0)","(0, 0, 1, 7)",-308.3426422401279,EXESSIVE_AVAILABLE_CAPACITY_UNTIL_PRICE_LIMIT_9999_€/MWh,1,4
2024-07-14,6.26,5.599696934428483,"(3, 0, 0)","(0, 0, 1, 7)",-308.2882277383398,EXESSIVE_AVAILABLE_CAPACITY_UNTIL_PRICE_LIMIT_9999_€/MWh,1,4
2024-07-15,5.69,5.723805345835123,"(3, 0, 0)","(0, 0, 1, 7)",-307.96638910750386,EXESSIVE_AVAILABLE_CAPACITY_UNTIL_PRICE_LIMIT_9999_€/MWh,1,4
2024-07-16,5.36,5.4517893160057085,"(3, 0, 0)","(0, 0, 1, 7)",-307.1331796539515,EXESSIVE_AVAILABLE_CAPACITY_UNTIL_PRICE_LIMIT_9999_€/MWh,1,4
2024-07-17,5.23,5.50854249161788,"(1, 0, 1)","(0, 0, 1, 7)",-308.33232810231874,EXESSIVE_AVAILABLE_CAPACITY_UNTIL_PRICE_LIMIT_9999_€/MWh,1,4
2024-07-18,4.9,5.492021633299173,"(1, 0, 1)","(0, 0, 1, 7)",-308.3319964008523,EXESSIVE_AVAILABLE_CAPACITY_UNTIL_PRICE_LIMIT_9999_€/MWh,1,4
2024-07-19,4.57,4.976599903262514,"(3, 0, 0)","(0, 0, 1, 7)",-306.9514025666665,EXESSIVE_AVAILABLE_CAPACITY_UNTIL_PRICE_LIMIT_9999_€/MWh,1,4
2024-07-20,5.79,4.78115100449314,"(1, 0, 1)","(0, 0, 1, 7)",-308.46937066481513,EXESSIVE_AVAILABLE_CAPACITY_UNTIL_PRICE_LIMIT_9999_€/MWh,1,4
2024-07-21,5.67,4.941685931150737,"(3, 0, 0)","(0, 0, 1, 7)",-313.96983240006944,EXESSIVE_AVAILABLE_CAPACITY_UNTIL_PRICE_LIMIT_9999_€/MWh,1,4
2024-07-22,5.46,5.501533442440032,"(1, 0, 1)","(0, 0, 1, 7)",-314.34279192668725,EXESSIVE_AVAILABLE_CAPACITY_UNTIL_PRICE_LIMIT_9999_€/MWh,1,4
2024-07-23,5.19,5.540900156830569,"(1, 0, 1)","(0, 0, 1, 7)",-314.3920194539219,EXESSIVE_AVAILABLE_CAPACITY_UNTIL_PRICE_LIMIT_9999_€/MWh,1,4
2024-07-24,4.95,4.927518899306016,"(2, 0, 0)","(1, 0, 0, 7)",-311.84400080525825,EXESSIVE_AVAILABLE_CAPACITY_UNTIL_PRICE_LIMIT_9999_€/MWh,1,4
2024-07-25,5.06,5.059648688644619,"(1, 0, 1)","(0, 0, 1, 7)",-314.287671837024,EXESSIVE_AVAILABLE_CAPACITY_UNTIL_PRICE_LIMIT_9999_€/MWh,1,4
2024-07-26,4.82,4.821309753626357,"(1, 0, 1)","(0, 0, 1, 7)",-314.12247472832615,EXESSIVE_AVAILABLE_CAPACITY_UNTIL_PRICE_LIMIT_9999_€/MWh,1,4
2024-07-27,4.75,5.350464697024366,"(1, 0, 1)","(0, 0, 1, 7)",-313.8999819167133,EXESSIVE_AVAILABLE_CAPACITY_UNTIL_PRICE_LIMIT_9999_€/MWh,1,4
2024-07-28,4.95,4.817829139000238,"(1, 0, 1)","(0, 0, 1, 7)",-315.8419387395354,EXESSIVE_AVAILABLE_CAPACITY_UNTIL_PRICE_LIMIT_9999_€/MWh,1,4
2024-07-29,4.84,4.475124167304302,"(2, 0, 0)","(1, 0, 0, 7)",-314.5048874280002,EXESSIVE_AVAILABLE_CAPACITY_UNTIL_PRICE_LIMIT_9999_€/MWh,1,4
2024-07-30,4.88,4.818314769488788,"(2, 0, 0)","(0, 0, 1, 7)",-314.39277929648483,EXESSIVE_AVAILABLE_CAPACITY_UNTIL_PRICE_LIMIT_9999_€/MWh,1,4
2024-07-31,4.79,4.916679735432257,"(1, 0, 1)","(0, 0, 1, 7)",-315.5591160234932,EXESSIVE_AVAILABLE_CAPACITY_UNTIL_PRICE_LIMIT_9999_€/MWh,1,4
2024-08-01,4.66,4.752118894934783,"(1, 0, 1)","(0, 0, 1, 7)",-315.8770589156292,EXESSIVE_AVAILABLE_CAPACITY_UNTIL_PRICE_LIMIT_9999_€/MWh,1,4
2024-08-02,4.5,4.6090172073621005,"(2, 0, 0)","(0, 0, 1, 7)",-314.75929730851175,EXESSIVE_AVAILABLE_CAPACITY_UNTIL_PRICE_LIMIT_9999_€/MWh,1,4
2024-08-03,4.93,4.342465458092447,"(1, 0, 1)","(1, 0, 0, 7)",-315.96463661080696,EXESSIVE_AVAILABLE_CAPACITY_UNTIL_PRICE_LIMIT_9999_€/MWh,1,4
2024-08-04,5.59,4.5612661529105365,"(1, 0, 1)","(0, 0, 1, 7)",-314.897890234193,EXESSIVE_AVAILABLE_CAPACITY_UNTIL_PRICE_LIMIT_9999_€/MWh,1,4
2024-08-05,5.72,5.177481325310567,"(1, 0, 1)","(0, 0, 1, 7)",-314.70117336499607,EXESSIVE_AVAILABLE_CAPACITY_UNTIL_PRICE_LIMIT_9999_€/MWh,1,4
2024-08-06,5.8,5.632528600727692,"(1, 0, 1)","(0, 0, 1, 7)",-314.7170351710422,EXESSIVE_AVAILABLE_CAPACITY_UNTIL_PRICE_LIMIT_9999_€/MWh,1,4
2024-08-07,5.14,5.375509737195146,"(1, 0, 1)","(1, 0, 0, 7)",-314.79962126995366,EXESSIVE_AVAILABLE_CAPACITY_UNTIL_PRICE_LIMIT_9999_€/MWh,1,4
2024-08-08,4.79,5.278228446764286,"(1, 0, 1)","(1, 0, 0, 7)",-313.9812346512905,EXESSIVE_AVAILABLE_CAPACITY_UNTIL_PRICE_LIMIT_9999_€/MWh,1,4
2024-08-09,4.53,4.612189130144502,"(1, 0, 1)","(1, 0, 0, 7)",-313.8878699284313,EXESSIVE_AVAILABLE_CAPACITY_UNTIL_PRICE_LIMIT_9999_€/MWh,1,4
2024-08-10,4.91,4.826416423403014,"(1, 0, 1)","(1, 0, 0, 7)",-313.89869067278363,EXESSIVE_AVAILABLE_CAPACITY_UNTIL_PRICE_LIMIT_9999_€/MWh,1,4
2024-08-11,5.46,5.903062878644496,"(1, 0, 1)","(1, 0, 0, 7)",-313.3687041255299,EXESSIVE_AVAILABLE_CAPACITY_UNTIL_PRICE_LIMIT_9999_€/MWh,1,4
2024-08-12,5.24,5.889990518850689,"(1, 0, 1)","(1, 0, 0, 7)",-312.94117668843,EXESSIVE_AVAILABLE_CAPACITY_UNTIL_PRICE_LIMIT_9999_€/MWh,1,4
2024-08-13,5.06,5.217535180311316,"(1, 0, 1)","(1, 0, 0, 7)",-312.6192601977116,EXESSIVE_AVAILABLE_CAPACITY_UNTIL_PRICE_LIMIT_9999_€/MWh,1,4
2024-08-14,5.1,4.773277402439183,"(1, 0, 1)","(1, 0, 0, 7)",-312.6254156578625,EXESSIVE_AVAILABLE_CAPACITY_UNTIL_PRICE_LIMIT_9999_€/MWh,1,4
2024-08-15,4.99,4.691238267729073,"(1, 0, 1)","(1, 0, 0, 7)",-312.5932459367996,EXESSIVE_AVAILABLE_CAPACITY_UNTIL_PRICE_LIMIT_9999_€/MWh,1,4
2024-08-16,4.7,4.705852853462122,"(3, 0, 0)","(1, 0, 0, 7)",-311.5840869741768,EXESSIVE_AVAILABLE_CAPACITY_UNTIL_PRICE_LIMIT_9999_€/MWh,1,4
2024-08-17,5.02,5.50871931273783,"(1, 0, 1)","(1, 0, 0, 7)",-312.90033915194607,EXESSIVE_AVAILABLE_CAPACITY_UNTIL_PRICE_LIMIT_9999_€/MWh,1,4
2024-08-18,5.15,5.517568065932748,"(1, 0, 1)","(1, 0, 0, 7)",-314.82148111009695,EXESSIVE_AVAILABLE_CAPACITY_UNTIL_PRICE_LIMIT_9999_€/MWh,1,4
2024-08-19,5.06,4.757992546894926,"(1, 0, 1)","(1, 0, 0, 7)",-315.51406617818947,EXESSIVE_AVAILABLE_CAPACITY_UNTIL_PRICE_LIMIT_9999_€/MWh,1,4
2024-08-20,5.07,4.991136821482939,"(1, 0, 1)","(1, 0, 0, 7)",-317.04654672871027,EXESSIVE_AVAILABLE_CAPACITY_UNTIL_PRICE_LIMIT_9999_€/MWh,1,4
2024-08-21,4.93,4.721166991720125,"(1, 0, 1)","(1, 0, 0, 7)",-317.75389461785096,EXESSIVE_AVAILABLE_CAPACITY_UNTIL_PRICE_LIMIT_9999_€/MWh,1,4
2024-08-22,4.73,4.623086420053652,"(1, 0, 1)","(1, 0, 0, 7)",-317.88236157744643,EXESSIVE_AVAILABLE_CAPACITY_UNTIL_PRICE_LIMIT_9999_€/MWh,1,4
2024-08-23,4.69,4.31221888964451,"(1, 0, 1)","(2, 0, 0, 7)",-316.33218818372916,EXESSIVE_AVAILABLE_CAPACITY_UNTIL_PRICE_LIMIT_9999_€/MWh,1,4
2024-08-24,5.34,4.9627494990749526,"(3, 0, 0)","(0, 0, 0, 7)",-314.15802717629975,EXESSIVE_AVAILABLE_CAPACITY_UNTIL_PRICE_LIMIT_9999_€/MWh,1,4
2024-08-25,6.4,4.533960288383386,"(1, 0, 1)","(0, 0, 1, 7)",-319.18528123157284,EXESSIVE_AVAILABLE_CAPACITY_UNTIL_PRICE_LIMIT_9999_€/MWh,1,4
2024-08-26,6.86,6.370246705591366,"(1, 0, 1)","(0, 0, 1, 7)",-317.3862983918036,EXESSIVE_AVAILABLE_CAPACITY_UNTIL_PRICE_LIMIT_9999_€/MWh,1,4
2024-08-27,5.95,7.015511335147687,"(1, 0, 1)","(0, 0, 1, 7)",-317.46848175624007,EXESSIVE_AVAILABLE_CAPACITY_UNTIL_PRICE_LIMIT_9999_€/MWh,1,4
2024-08-28,5.59,5.988479254461618,"(2, 0, 0)","(0, 0, 1, 7)",-328.20000600259186,EXESSIVE_AVAILABLE_CAPACITY_UNTIL_PRICE_LIMIT_9999_€/MWh,1,4
2024-08-29,5.22,5.745264539706923,"(1, 0, 2)","(0, 0, 2, 7)",-346.08493931886494,EXESSIVE_AVAILABLE_CAPACITY_UNTIL_PRICE_LIMIT_9999_€/MWh,1,4
2024-08-30,4.92,5.8964623156059845,"(1, 0, 2)","(1, 0, 0, 7)",-350.4915238760034,EXESSIVE_AVAILABLE_CAPACITY_UNTIL_PRICE_LIMIT_9999_€/MWh,1,4
2024-08-31,5.19,5.151204389881328,"(2, 0, 0)","(1, 0, 0, 7)",-355.30858733708874,EXESSIVE_AVAILABLE_CAPACITY_UNTIL_PRICE_LIMIT_9999_€/MWh,1,4
2024-09-01,5.53,6.72081042026098,"(2, 0, 0)","(1, 0, 0, 7)",-358.59063259981593,EXESSIVE_AVAILABLE_CAPACITY_UNTIL_PRICE_LIMIT_9999_€/MWh,1,4
2024-09-02,5.62,5.760597057543578,"(2, 0, 0)","(1, 0, 0, 7)",-359.06830146523015,EXESSIVE_AVAILABLE_CAPACITY_UNTIL_PRICE_LIMIT_9999_€/MWh,1,4
2024-09-03,5.45,4.714998910579974,"(2, 0, 0)","(1, 0, 0, 7)",-360.16092543325897,EXESSIVE_AVAILABLE_CAPACITY_UNTIL_PRICE_LIMIT_9999_€/MWh,1,4
2024-09-04,5.38,5.465602867399538,"(2, 0, 0)","(1, 0, 0, 7)",-360.2651761989489,EXESSIVE_AVAILABLE_CAPACITY_UNTIL_PRICE_LIMIT_9999_€/MWh,1,4
2024-09-05,5.24,4.786440408946621,"(2, 0, 0)","(1, 0, 0, 7)",-360.27590525193534,EXESSIVE_AVAILABLE_CAPACITY_UNTIL_PRICE_LIMIT_9999_€/MWh,1,4
2024-09-06,5.01,4.0446963349454075,"(2, 0, 0)","(1, 0, 0, 7)",-360.5534396603693,EXESSIVE_AVAILABLE_CAPACITY_UNTIL_PRICE_LIMIT_9999_€/MWh,1,4
2024-09-07,5.03,5.854114257109122,"(2, 0, 0)","(1, 0, 0, 7)",-360.8057954390001,EXESSIVE_AVAILABLE_CAPACITY_UNTIL_PRICE_LIMIT_9999_€/MWh,1,4
2024-09-08,5.11,5.077858307833956,"(2, 0, 0)","(0, 0, 1, 7)",-359.23659629522786,EXESSIVE_AVAILABLE_CAPACITY_UNTIL_PRICE_LIMIT_9999_€/MWh,1,4
2024-09-09,5.02,5.271734060720657,"(2, 0, 0)","(0, 0, 1, 7)",-359.25573455081224,EXESSIVE_AVAILABLE_CAPACITY_UNTIL_PRICE_LIMIT_9999_€/MWh,1,4
2024-09-10,4.88,4.164661317775927,"(2, 0, 0)","(2, 0, 0, 7)",-368.8491243137487,EXESSIVE_AVAILABLE_CAPACITY_UNTIL_PRICE_LIMIT_9999_€/MWh,1,4
2024-09-11,4.81,4.550943023850764,"(2, 0, 0)","(0, 0, 1, 7)",-370.32933867219185,EXESSIVE_AVAILABLE_CAPACITY_UNTIL_PRICE_LIMIT_9999_€/MWh,1,4
2024-09-12,5.11,5.379011787008529,"(2, 0, 0)","(0, 0, 1, 7)",-370.37587295835596,EXESSIVE_AVAILABLE_CAPACITY_UNTIL_PRICE_LIMIT_9999_€/MWh,1,4
2024-09-13,5.03,5.814961104148496,"(2, 0, 0)","(0, 0, 1, 7)",-370.0941149686156,EXESSIVE_AVAILABLE_CAPACITY_UNTIL_PRICE_LIMIT_9999_€/MWh,1,4
2024-09-14,4.83,4.083775161254386,"(2, 0, 0)","(1, 0, 0, 7)",-371.33217075882135,EXESSIVE_AVAILABLE_CAPACITY_UNTIL_PRICE_LIMIT_9999_€/MWh,1,4
2024-09-15,4.75,4.8740250975924955,"(2, 0, 0)","(1, 0, 0, 7)",-371.08890178934405,EXESSIVE_AVAILABLE_CAPACITY_UNTIL_PRICE_LIMIT_9999_€/MWh,1,4
2024-09-16,4.88,4.954621395266416,"(2, 0, 0)","(0, 0, 1, 7)",-370.43831403834656,EXESSIVE_AVAILABLE_CAPACITY_UNTIL_PRICE_LIMIT_9999_€/MWh,1,4
2024-09-17,4.84,4.735890460313784,"(2, 0, 0)","(0, 0, 1, 7)",-370.4426866888527,EXESSIVE_AVAILABLE_CAPACITY_UNTIL_PRICE_LIMIT_9999_€/MWh,1,4
2024-09-18,4.78,4.972500830408972,"(2, 0, 0)","(0, 0, 1, 7)",-370.85253247377193,EXESSIVE_AVAILABLE_CAPACITY_UNTIL_PRICE_LIMIT_9999_€/MWh,1,4
2024-09-19,4.72,4.561476574078175,"(2, 0, 0)","(0, 0, 1, 7)",-370.8543386576399,EXESSIVE_AVAILABLE_CAPACITY_UNTIL_PRICE_LIMIT_9999_€/MWh,1,4
2024-09-20,4.6,4.1551807022741345,"(2, 0, 0)","(0, 0, 1, 7)",-371.0555299983387,EXESSIVE_AVAILABLE_CAPACITY_UNTIL_PRICE_LIMIT_9999_€/MWh,1,4
2024-09-21,4.47,5.220105074010291,"(1, 0, 0)","(1, 0, 0, 7)",-360.6134650780886,EXESSIVE_AVAILABLE_CAPACITY_UNTIL_PRICE_LIMIT_9999_€/MWh,1,4
2024-09-22,4.3,4.601084060841809,"(2, 0, 0)","(0, 0, 1, 7)",-373.5124434494393,EXESSIVE_AVAILABLE_CAPACITY_UNTIL_PRICE_LIMIT_9999_€/MWh,1,4
2024-09-23,4.45,4.577948288574772,"(2, 0, 0)","(0, 0, 1, 7)",-404.32596550314645,EXESSIVE_AVAILABLE_CAPACITY_UNTIL_PRICE_LIMIT_9999_€/MWh,1,4
2024-09-24,4.55,4.451348564925209,"(2, 0, 0)","(0, 0, 1, 7)",-408.2124318526393,EXESSIVE_AVAILABLE_CAPACITY_UNTIL_PRICE_LIMIT_9999_€/MWh,1,4
2024-09-25,4.4,3.758345907485985,"(2, 0, 0)","(0, 0, 1, 7)",-409.5840886228022,EXESSIVE_AVAILABLE_CAPACITY_UNTIL_PRICE_LIMIT_9999_€/MWh,1,4
2024-09-26,4.27,4.560456086528239,"(2, 0, 0)","(0, 0, 1, 7)",-409.33145511405183,EXESSIVE_AVAILABLE_CAPACITY_UNTIL_PRICE_LIMIT_9999_€/MWh,1,4
2024-09-27,4.17,3.8684587179321785,"(2, 0, 0)","(0, 0, 0, 7)",-409.5699542688738,EXESSIVE_AVAILABLE_CAPACITY_UNTIL_PRICE_LIMIT_9999_€/MWh,1,4
2024-09-28,4.23,3.3822003522415844,"(2, 0, 0)","(0, 0, 1, 7)",-409.9137776309735,EXESSIVE_AVAILABLE_CAPACITY_UNTIL_PRICE_LIMIT_9999_€/MWh,1,4
2024-09-29,4.08,4.638771419642412,"(2, 0, 0)","(0, 0, 1, 7)",-410.5089933412494,EXESSIVE_AVAILABLE_CAPACITY_UNTIL_PRICE_LIMIT_9999_€/MWh,1,4
2024-09-30,4.04,4.095259004378603,"(1, 0, 2)","(0, 0, 0, 7)",-415.0140113999529,EXESSIVE_AVAILABLE_CAPACITY_UNTIL_PRICE_LIMIT_9999_€/MWh,1,4
2024-10-01,3.96,3.831868066384604,"(2, 0, 0)","(0, 0, 1, 7)",-422.13134291471965,EXESSIVE_AVAILABLE_CAPACITY_UNTIL_PRICE_LIMIT_9999_€/MWh,1,4
2024-10-02,3.91,5.243711186578371,"(2, 0, 0)","(0, 0, 1, 7)",-423.78290973759266,EXESSIVE_AVAILABLE_CAPACITY_UNTIL_PRICE_LIMIT_9999_€/MWh,1,4
2024-10-03,3.91,3.6658603495433244,"(2, 0, 0)","(0, 0, 1, 7)",-424.510407483198,EXESSIVE_AVAILABLE_CAPACITY_UNTIL_PRICE_LIMIT_9999_€/MWh,1,4
2024-10-04,3.99,3.925707950089944,"(2, 0, 0)","(0, 0, 1, 7)",-424.9512595462179,EXESSIVE_AVAILABLE_CAPACITY_UNTIL_PRICE_LIMIT_9999_€/MWh,1,4
2024-10-05,3.76,4.301656445575973,"(1, 0, 0)","(1, 0, 0, 7)",-420.784202552217,EXESSIVE_AVAILABLE_CAPACITY_UNTIL_PRICE_LIMIT_9999_€/MWh,1,4
2024-10-06,3.55,3.2624608925367076,"(2, 0, 0)","(0, 0, 1, 7)",-424.79436365705726,EXESSIVE_AVAILABLE_CAPACITY_UNTIL_PRICE_LIMIT_9999_€/MWh,1,4
2024-10-07,3.49,3.4882016125861837,"(2, 0, 0)","(0, 0, 1, 7)",-423.99699291359775,EXESSIVE_AVAILABLE_CAPACITY_UNTIL_PRICE_LIMIT_9999_€/MWh,1,4
2024-10-08,3.48,3.5529070908938323,"(1, 0, 0)","(1, 0, 0, 7)",-418.6394885483773,EXESSIVE_AVAILABLE_CAPACITY_UNTIL_PRICE_LIMIT_9999_€/MWh,1,4
2024-10-09,3.3,3.1944355338025354,"(2, 0, 0)","(0, 0, 1, 7)",-423.92946353394757,EXESSIVE_AVAILABLE_CAPACITY_UNTIL_PRICE_LIMIT_9999_€/MWh,1,4
2024-10-10,3.08,3.2959824600509404,"(1, 0, 0)","(1, 0, 0, 7)",-420.25197279046154,EXESSIVE_AVAILABLE_CAPACITY_UNTIL_PRICE_LIMIT_9999_€/MWh,1,4
2024-10-11,2.89,3.1095391964276486,"(1, 0, 1)","(1, 0, 0, 7)",-423.00394034143426,EXESSIVE_AVAILABLE_CAPACITY_UNTIL_PRICE_LIMIT_9999_€/MWh,1,4
2024-10-12,3.55,2.7878376753250294,"(2, 0, 0)","(0, 0, 2, 7)",-432.8783715822257,EXESSIVE_AVAILABLE_CAPACITY_UNTIL_PRICE_LIMIT_9999_€/MWh,1,4
2024-10-13,3.8,4.036527479820722,"(2, 0, 0)","(0, 0, 2, 7)",-426.7218907317138,EXESSIVE_AVAILABLE_CAPACITY_UNTIL_PRICE_LIMIT_9999_€/MWh,1,4
2024-10-14,4.44,4.046980743456861,"(1, 0, 1)","(1, 0, 0, 7)",-425.927426924832,EXESSIVE_AVAILABLE_CAPACITY_UNTIL_PRICE_LIMIT_9999_€/MWh,1,4
2024-10-15,17.85,4.398724815690326,"(1, 0, 2)","(0, 0, 2, 7)",-425.9414372110174,EXESSIVE_AVAILABLE_CAPACITY_UNTIL_PRICE_LIMIT_9999_€/MWh,1,4
2024-10-16,12.96,9.611937124864998,"(2, 0, 0)","(0, 0, 1, 7)",-342.6598155275316,EXESSIVE_AVAILABLE_CAPACITY_UNTIL_PRICE_LIMIT_9999_€/MWh,1,4
2024-10-17,9.3,11.35293947071728,"(2, 0, 0)","(0, 0, 0, 7)",-333.8452250831151,EXESSIVE_AVAILABLE_CAPACITY_UNTIL_PRICE_LIMIT_9999_€/MWh,1,4
2024-10-18,7.96,10.893079686987456,"(2, 0, 0)","(0, 0, 1, 7)",-364.1939209040414,EXESSIVE_AVAILABLE_CAPACITY_UNTIL_PRICE_LIMIT_9999_€/MWh,1,4
2024-10-19,6.75,9.345443143997151,"(1, 0, 0)","(1, 0, 0, 7)",-361.6311347224331,EXESSIVE_AVAILABLE_CAPACITY_UNTIL_PRICE_LIMIT_9999_€/MWh,1,4
2024-10-20,5.75,6.021297268174413,"(2, 0, 0)","(0, 0, 1, 7)",-384.676394182021,EXESSIVE_AVAILABLE_CAPACITY_UNTIL_PRICE_LIMIT_9999_€/MWh,1,4
2024-10-21,4.91,5.352441640664204,"(2, 0, 0)","(0, 0, 1, 7)",-387.93580721531725,EXESSIVE_AVAILABLE_CAPACITY_UNTIL_PRICE_LIMIT_9999_€/MWh,1,4
2024-10-22,4.99,5.916140458711007,"(2, 0, 0)","(0, 0, 2, 7)",-386.51514285784344,EXESSIVE_AVAILABLE_CAPACITY_UNTIL_PRICE_LIMIT_9999_€/MWh,1,4
2024-10-23,4.7,4.529403216570092,"(2, 0, 0)","(0, 0, 2, 7)",-386.4974494193216,EXESSIVE_AVAILABLE_CAPACITY_UNTIL_PRICE_LIMIT_9999_€/MWh,1,4
2024-10-24,4.37,4.7299730164500975,"(2, 0, 0)","(0, 0, 2, 7)",-386.28382988278486,EXESSIVE_AVAILABLE_CAPACITY_UNTIL_PRICE_LIMIT_9999_€/MWh,1,4
2024-10-25,4.09,4.026044890351051,"(2, 0, 0)","(0, 0, 2, 7)",-387.34155169926703,EXESSIVE_AVAILABLE_CAPACITY_UNTIL_PRICE_LIMIT_9999_€/MWh,1,4
2024-10-26,3.8,3.9784127073610196,"(2, 0, 0)","(1, 0, 0, 7)",-386.76090352255073,EXESSIVE_AVAILABLE_CAPACITY_UNTIL_PRICE_LIMIT_9999_€/MWh,1,4
2024-10-27,3.43,3.181233842950831,"(2, 0, 0)","(1, 0, 0, 7)",-386.6886945018231,EXESSIVE_AVAILABLE_CAPACITY_UNTIL_PRICE_LIMIT_9999_€/MWh,1,4
2024-10-28,3.38,3.3078514632958274,"(2, 0, 0)","(0, 0, 2, 7)",-385.61078531265935,EXESSIVE_AVAILABLE_CAPACITY_UNTIL_PRICE_LIMIT_9999_€/MWh,1,4
2024-10-29,3.2,1.7809692496642884,"(1, 0, 3)","(0, 0, 1, 7)",-386.5771217438146,EXESSIVE_AVAILABLE_CAPACITY_UNTIL_PRICE_LIMIT_9999_€/MWh,1,4
2024-10-30,3.05,3.4601538131744896,"(2, 0, 2)","(1, 0, 0, 7)",-382.71478895404994,EXESSIVE_AVAILABLE_CAPACITY_UNTIL_PRICE_LIMIT_9999_€/MWh,1,4
2024-10-31,2.94,2.337279710079558,"(1, 0, 3)","(0, 0, 1, 7)",-388.1942441903329,EXESSIVE_AVAILABLE_CAPACITY_UNTIL_PRICE_LIMIT_9999_€/MWh,1,4
2024-11-01,2.8,2.885436240120526,"(2, 0, 0)","(0, 0, 1, 7)",-386.76549468220924,EXESSIVE_AVAILABLE_CAPACITY_UNTIL_PRICE_LIMIT_9999_€/MWh,1,4
2024-11-02,2.76,4.901020961485414,"(2, 0, 0)","(0, 0, 1, 7)",-385.9114686827908,EXESSIVE_AVAILABLE_CAPACITY_UNTIL_PRICE_LIMIT_9999_€/MWh,1,4
2024-11-03,2.53,2.903376783516173,"(2, 0, 0)","(0, 0, 1, 7)",-386.0952807001131,EXESSIVE_AVAILABLE_CAPACITY_UNTIL_PRICE_LIMIT_9999_€/MWh,1,4
2024-11-04,2.69,2.9319613958005415,"(2, 0, 0)","(0, 0, 1, 7)",-384.0476996484281,EXESSIVE_AVAILABLE_CAPACITY_UNTIL_PRICE_LIMIT_9999_€/MWh,1,4
2024-11-05,2.77,2.5275585383192904,"(2, 0, 0)","(1, 0, 0, 7)",-384.38144269111785,EXESSIVE_AVAILABLE_CAPACITY_UNTIL_PRICE_LIMIT_9999_€/MWh,1,4
2024-11-06,2.86,2.879606903561135,"(2, 0, 0)","(0, 0, 1, 7)",-383.7834281278155,EXESSIVE_AVAILABLE_CAPACITY_UNTIL_PRICE_LIMIT_9999_€/MWh,1,4
2024-11-07,2.91,2.7025812187309044,"(2, 0, 0)","(1, 0, 0, 7)",-384.29701471161184,EXESSIVE_AVAILABLE_CAPACITY_UNTIL_PRICE_LIMIT_9999_€/MWh,1,4
2024-11-08,2.86,2.7279749398201996,"(2, 0, 0)","(0, 0, 1, 7)",-384.08345041803733,EXESSIVE_AVAILABLE_CAPACITY_UNTIL_PRICE_LIMIT_9999_€/MWh,1,4
2024-11-09,2.64,2.6220924602437554,"(2, 0, 0)","(1, 0, 0, 7)",-384.14680400719965,EXESSIVE_AVAILABLE_CAPACITY_UNTIL_PRICE_LIMIT_9999_€/MWh,1,4
2024-11-10,2.33,2.2584398679197513,"(2, 0, 0)","(0, 0, 1, 7)",-382.1131161684244,EXESSIVE_AVAILABLE_CAPACITY_UNTIL_PRICE_LIMIT_9999_€/MWh,1,4
2024-11-11,2.33,2.424244842900001,"(2, 0, 0)","(1, 0, 0, 7)",-380.2560525670905,EXESSIVE_AVAILABLE_CAPACITY_UNTIL_PRICE_LIMIT_9999_€/MWh,1,4
2024-11-12,2.29,1.7042430363615255,"(2, 0, 0)","(0, 0, 1, 7)",-380.0462272803177,EXESSIVE_AVAILABLE_CAPACITY_UNTIL_PRICE_LIMIT_9999_€/MWh,1,4
2024-11-13,2.27,2.3330586095579027,"(2, 0, 0)","(1, 0, 0, 7)",-379.86990275721803,EXESSIVE_AVAILABLE_CAPACITY_UNTIL_PRICE_LIMIT_9999_€/MWh,1,4
2024-11-14,2.14,2.175970352753592,"(2, 0, 0)","(1, 0, 0, 7)",-379.8017262685282,EXESSIVE_AVAILABLE_CAPACITY_UNTIL_PRICE_LIMIT_9999_€/MWh,1,4
2024-11-15,1.92,2.309267341221709,"(2, 0, 0)","(0, 0, 1, 7)",-377.9404070152302,EXESSIVE_AVAILABLE_CAPACITY_UNTIL_PRICE_LIMIT_9999_€/MWh,1,4
2024-11-16,3.27,1.715948302762755,"(2, 0, 0)","(1, 0, 0, 7)",-376.473901762213,EXESSIVE_AVAILABLE_CAPACITY_UNTIL_PRICE_LIMIT_9999_€/MWh,1,4
2024-11-17,3.55,2.37383895298575,"(2, 0, 0)","(1, 0, 0, 7)",-340.78159452139494,EXESSIVE_AVAILABLE_CAPACITY_UNTIL_PRICE_LIMIT_9999_€/MWh,1,4
2024-11-18,3.22,3.416824709630513,"(2, 0, 0)","(0, 0, 1, 7)",-339.6706640381482,EXESSIVE_AVAILABLE_CAPACITY_UNTIL_PRICE_LIMIT_9999_€/MWh,1,4
2024-11-19,3.21,3.5888668499959753,"(1, 0, 1)","(1, 0, 0, 7)",-336.8147684518916,EXESSIVE_AVAILABLE_CAPACITY_UNTIL_PRICE_LIMIT_9999_€/MWh,1,4
2024-11-20,2.99,3.1268453081994187,"(2, 0, 0)","(0, 0, 1, 7)",-337.6556793655193,EXESSIVE_AVAILABLE_CAPACITY_UNTIL_PRICE_LIMIT_9999_€/MWh,1,4
2024-11-21,2.84,2.902152785557241,"(1, 0, 1)","(1, 0, 0, 7)",-335.97642291730523,EXESSIVE_AVAILABLE_CAPACITY_UNTIL_PRICE_LIMIT_9999_€/MWh,1,4
2024-11-22,2.82,2.5747608672179463,"(2, 0, 0)","(1, 0, 0, 7)",-337.6167418312815,EXESSIVE_AVAILABLE_CAPACITY_UNTIL_PRICE_LIMIT_9999_€/MWh,1,4
2024-11-23,2.7,4.559131919492439,"(1, 0, 1)","(1, 0, 0, 7)",-336.4791068873281,EXESSIVE_AVAILABLE_CAPACITY_UNTIL_PRICE_LIMIT_9999_€/MWh,1,4
2024-11-24,2.51,2.4543637457037883,"(2, 0, 0)","(0, 0, 0, 7)",-337.8400460033397,EXESSIVE_AVAILABLE_CAPACITY_UNTIL_PRICE_LIMIT_9999_€/MWh,1,4
2024-11-25,2.36,2.418157012247939,"(2, 0, 0)","(1, 0, 1, 7)",-337.50149600756885,EXESSIVE_AVAILABLE_CAPACITY_UNTIL_PRICE_LIMIT_9999_€/MWh,1,4
2024-11-26,2.38,2.3600621297918516,"(2, 0, 0)","(1, 0, 1, 7)",-336.60371013562485,EXESSIVE_AVAILABLE_CAPACITY_UNTIL_PRICE_LIMIT_9999_€/MWh,1,4
2024-11-27,2.56,2.3909148295213645,"(2, 0, 0)","(0, 0, 0, 7)",-336.596405461529,EXESSIVE_AVAILABLE_CAPACITY_UNTIL_PRICE_LIMIT_9999_€/MWh,1,4
2024-11-28,2.33,2.5009118458233788,"(2, 0, 0)","(0, 0, 0, 7)",-336.4214404651854,EXESSIVE_AVAILABLE_CAPACITY_UNTIL_PRICE_LIMIT_9999_€/MWh,1,4
2024-11-29,2.4,2.3730430634036894,"(2, 0, 0)","(0, 0, 0, 7)",-334.4463772508665,EXESSIVE_AVAILABLE_CAPACITY_UNTIL_PRICE_LIMIT_9999_€/MWh,1,4
2024-11-30,2.44,2.3673309051144513,"(2, 0, 0)","(0, 0, 0, 7)",-335.05282347169236,EXESSIVE_AVAILABLE_CAPACITY_UNTIL_PRICE_LIMIT_9999_€/MWh,1,4
2024-12-01,2.59,2.48404753163942,"(2, 0, 0)","(0, 0, 0, 7)",-332.99659790093403,EXESSIVE_AVAILABLE_CAPACITY_UNTIL_PRICE_LIMIT_9999_€/MWh,1,4
2024-12-02,2.73,2.3854335816847856,"(2, 0, 0)","(0, 0, 0, 7)",-350.3134052347533,EXESSIVE_AVAILABLE_CAPACITY_UNTIL_PRICE_LIMIT_9999_€/MWh,1,4
2024-12-03,2.77,2.8185593586174758,"(1, 0, 1)","(0, 0, 0, 7)",-351.48919632868046,EXESSIVE_AVAILABLE_CAPACITY_UNTIL_PRICE_LIMIT_9999_€/MWh,1,4
2024-12-04,3.04,2.9773257660457975,"(1, 0, 1)","(0, 0, 0, 7)",-352.37957142531354,EXESSIVE_AVAILABLE_CAPACITY_UNTIL_PRICE_LIMIT_9999_€/MWh,1,4
2024-12-05,3.12,2.9505625860032154,"(1, 0, 1)","(0, 0, 0, 7)",-353.5035023513627,EXESSIVE_AVAILABLE_CAPACITY_UNTIL_PRICE_LIMIT_9999_€/MWh,1,4
2024-12-06,3.23,2.5693558744433007,"(1, 0, 1)","(0, 0, 0, 7)",-360.41147140097064,EXESSIVE_AVAILABLE_CAPACITY_UNTIL_PRICE_LIMIT_9999_€/MWh,1,4
2024-12-07,5.15,3.4088039989010244,"(1, 0, 1)","(0, 0, 0, 7)",-366.0766908240422,EXESSIVE_AVAILABLE_CAPACITY_UNTIL_PRICE_LIMIT_9999_€/MWh,1,4
2024-12-08,4.77,4.208863000631335,"(3, 0, 1)","(0, 0, 0, 7)",-352.9586173898555,EXESSIVE_AVAILABLE_CAPACITY_UNTIL_PRICE_LIMIT_9999_€/MWh,1,4
2024-12-09,4.19,4.563813898178063,"(2, 0, 1)","(0, 0, 0, 7)",-353.24458039526405,EXESSIVE_AVAILABLE_CAPACITY_UNTIL_PRICE_LIMIT_9999_€/MWh,1,4
2024-12-10,4.1,4.030457811537902,"(2, 0, 1)","(2, 0, 1, 7)",-358.51093289269375,EXESSIVE_AVAILABLE_CAPACITY_UNTIL_PRICE_LIMIT_9999_€/MWh,1,4
2024-12-11,4.88,4.697189834985728,"(1, 0, 1)","(1, 0, 1, 7)",-358.61918699841715,EXESSIVE_AVAILABLE_CAPACITY_UNTIL_PRICE_LIMIT_9999_€/MWh,1,4
2024-12-12,6.73,4.918922556378457,"(1, 0, 1)","(1, 0, 1, 7)",-357.9542611417261,EXESSIVE_AVAILABLE_CAPACITY_UNTIL_PRICE_LIMIT_9999_€/MWh,1,4
2024-12-13,6.77,5.822904424169116,"(3, 0, 1)","(0, 0, 0, 7)",-350.93440198823583,EXESSIVE_AVAILABLE_CAPACITY_UNTIL_PRICE_LIMIT_9999_€/MWh,1,4
2024-12-14,6.19,5.751338162754308,"(2, 0, 2)","(0, 0, 0, 7)",-352.0736324795161,EXESSIVE_AVAILABLE_CAPACITY_UNTIL_PRICE_LIMIT_9999_€/MWh,1,4
2024-12-15,5.36,5.614429712225748,"(2, 0, 1)","(0, 0, 0, 7)",-354.61287692171186,EXESSIVE_AVAILABLE_CAPACITY_UNTIL_PRICE_LIMIT_9999_€/MWh,1,4
2024-12-16,4.77,4.831996098482254,"(2, 0, 1)","(1, 0, 1, 7)",-356.73708443905304,EXESSIVE_AVAILABLE_CAPACITY_UNTIL_PRICE_LIMIT_9999_€/MWh,1,4
2024-12-17,4.49,4.789462396090811,"(1, 0, 1)","(1, 0, 1, 7)",-356.0805039777937,EXESSIVE_AVAILABLE_CAPACITY_UNTIL_PRICE_LIMIT_9999_€/MWh,1,4
2024-12-18,4.52,5.09777114380731,"(1, 0, 1)","(1, 0, 1, 7)",-355.88118122988647,EXESSIVE_AVAILABLE_CAPACITY_UNTIL_PRICE_LIMIT_9999_€/MWh,1,4
2024-12-19,4.27,4.8602668783722995,"(1, 0, 1)","(1, 0, 1, 7)",-356.86722760596837,EXESSIVE_AVAILABLE_CAPACITY_UNTIL_PRICE_LIMIT_9999_€/MWh,1,4
2024-12-20,3.98,4.142717281637094,"(2, 0, 1)","(1, 0, 1, 7)",-357.3035505535199,EXESSIVE_AVAILABLE_CAPACITY_UNTIL_PRICE_LIMIT_9999_€/MWh,1,4
2024-12-21,3.72,4.620375247722161,"(1, 0, 1)","(1, 0, 1, 7)",-357.42573335484025,EXESSIVE_AVAILABLE_CAPACITY_UNTIL_PRICE_LIMIT_9999_€/MWh,1,4
2024-12-22,3.31,3.6874263673845165,"(1, 0, 1)","(1, 0, 1, 7)",-357.1259467981314,EXESSIVE_AVAILABLE_CAPACITY_UNTIL_PRICE_LIMIT_9999_€/MWh,1,4
2024-12-23,3.01,3.7364535243325663,"(1, 0, 1)","(1, 0, 1, 7)",-356.1092859090378,EXESSIVE_AVAILABLE_CAPACITY_UNTIL_PRICE_LIMIT_9999_€/MWh,1,4
2024-12-24,3.04,3.322624677270673,"(1, 0, 1)","(1, 0, 1, 7)",-358.81550870479526,EXESSIVE_AVAILABLE_CAPACITY_UNTIL_PRICE_LIMIT_9999_€/MWh,1,4
2024-12-25,2.89,3.069444969370002,"(1, 0, 1)","(1, 0, 1, 7)",-359.1427107321443,EXESSIVE_AVAILABLE_CAPACITY_UNTIL_PRICE_LIMIT_9999_€/MWh,1,4
2024-12-26,2.67,3.3290476761461836,"(1, 0, 1)","(1, 0, 1, 7)",-358.36708607146556,EXESSIVE_AVAILABLE_CAPACITY_UNTIL_PRICE_LIMIT_9999_€/MWh,1,4
2024-12-27,2.52,2.9448412745678523,"(1, 0, 1)","(1, 0, 1, 7)",-357.8881186290837,EXESSIVE_AVAILABLE_CAPACITY_UNTIL_PRICE_LIMIT_9999_€/MWh,1,4
2024-12-28,2.56,2.8006979167560075,"(1, 0, 1)","(1, 0, 1, 7)",-361.6051310151163,EXESSIVE_AVAILABLE_CAPACITY_UNTIL_PRICE_LIMIT_9999_€/MWh,1,4
2024-12-29,2.93,2.47252115850084,"(1, 0, 1)","(1, 0, 1, 7)",-362.9560123438804,EXESSIVE_AVAILABLE_CAPACITY_UNTIL_PRICE_LIMIT_9999_€/MWh,1,4
2024-12-30,3.03,2.300161941266942,"(1, 0, 1)","(1, 0, 1, 7)",-362.7590563426247,EXESSIVE_AVAILABLE_CAPACITY_UNTIL_PRICE_LIMIT_9999_€/MWh,1,4
2024-12-31,2.73,2.6281220863756527,"(1, 0, 1)","(1, 0, 1, 7)",-365.43684447123053,EXESSIVE_AVAILABLE_CAPACITY_UNTIL_PRICE_LIMIT_9999_€/MWh,1,4
2025-01-01,2.5,2.385164306360028,"(2, 0, 2)","(0, 0, 0, 7)",-361.4515193189585,EXESSIVE_AVAILABLE_CAPACITY_UNTIL_PRICE_LIMIT_9999_€/MWh,1,4
2025-01-02,2.52,2.5411336964046662,"(1, 0, 1)","(1, 0, 1, 7)",-364.63534165568694,EXESSIVE_AVAILABLE_CAPACITY_UNTIL_PRICE_LIMIT_9999_€/MWh,1,4
2025-01-03,2.73,2.772994494356503,"(1, 0, 1)","(1, 0, 1, 7)",-364.9550575475895,EXESSIVE_AVAILABLE_CAPACITY_UNTIL_PRICE_LIMIT_9999_€/MWh,1,4
2025-01-04,2.61,2.8613736866209813,"(1, 0, 1)","(1, 0, 1, 7)",-364.45602690943065,EXESSIVE_AVAILABLE_CAPACITY_UNTIL_PRICE_LIMIT_9999_€/MWh,1,4
2025-01-05,3.01,2.7237008237232265,"(2, 0, 1)","(1, 0, 1, 7)",-362.15460306499574,EXESSIVE_AVAILABLE_CAPACITY_UNTIL_PRICE_LIMIT_9999_€/MWh,1,4
2025-01-06,3.02,2.4711025420114154,"(2, 0, 2)","(0, 0, 0, 7)",-358.6296313431179,EXESSIVE_AVAILABLE_CAPACITY_UNTIL_PRICE_LIMIT_9999_€/MWh,1,4
2025-01-07,2.75,2.6602420484580858,"(3, 0, 1)","(0, 0, 0, 7)",-362.6362127110139,EXESSIVE_AVAILABLE_CAPACITY_UNTIL_PRICE_LIMIT_9999_€/MWh,1,4
2025-01-08,2.53,2.757742933179284,"(1, 0, 1)","(1, 0, 1, 7)",-368.78158879561073,EXESSIVE_AVAILABLE_CAPACITY_UNTIL_PRICE_LIMIT_9999_€/MWh,1,4
2025-01-09,2.89,3.0138237779133434,"(1, 0, 1)","(1, 0, 1, 7)",-370.00660227590066,EXESSIVE_AVAILABLE_CAPACITY_UNTIL_PRICE_LIMIT_9999_€/MWh,1,4
2025-01-10,3.06,2.545919967162411,"(1, 0, 1)","(1, 0, 1, 7)",-370.9345436583916,EXESSIVE_AVAILABLE_CAPACITY_UNTIL_PRICE_LIMIT_9999_€/MWh,1,4
2025-01-11,2.66,3.1119840447196054,"(1, 0, 1)","(1, 0, 1, 7)",-371.07989500063894,EXESSIVE_AVAILABLE_CAPACITY_UNTIL_PRICE_LIMIT_9999_€/MWh,1,4
2025-01-12,2.45,2.6171986363881787,"(1, 0, 1)","(0, 0, 1, 7)",-367.4175289721036,EXESSIVE_AVAILABLE_CAPACITY_UNTIL_PRICE_LIMIT_9999_€/MWh,1,4
2025-01-13,2.53,2.964085309036102,"(1, 0, 1)","(0, 0, 1, 7)",-366.5428091683674,EXESSIVE_AVAILABLE_CAPACITY_UNTIL_PRICE_LIMIT_9999_€/MWh,1,4
2025-01-14,2.5,2.2951330563096812,"(1, 0, 1)","(0, 0, 1, 7)",-367.19268585233317,EXESSIVE_AVAILABLE_CAPACITY_UNTIL_PRICE_LIMIT_9999_€/MWh,1,4
2025-01-15,4.0,2.7903113368525894,"(2, 0, 1)","(0, 0, 0, 7)",-371.5544136249754,EXESSIVE_AVAILABLE_CAPACITY_UNTIL_PRICE_LIMIT_9999_€/MWh,1,4
2025-01-16,4.13,3.4837074209814607,"(1, 0, 1)","(0, 0, 0, 7)",-345.5223229107379,EXESSIVE_AVAILABLE_CAPACITY_UNTIL_PRICE_LIMIT_9999_€/MWh,1,4
2025-01-17,3.71,3.7259959552730613,"(1, 0, 1)","(0, 0, 0, 7)",-344.89221277248777,EXESSIVE_AVAILABLE_CAPACITY_UNTIL_PRICE_LIMIT_9999_€/MWh,1,4
2025-01-18,3.13,4.223701788989074,"(2, 0, 1)","(0, 0, 0, 7)",-344.7367275018171,EXESSIVE_AVAILABLE_CAPACITY_UNTIL_PRICE_LIMIT_9999_€/MWh,1,4
2025-01-19,2.67,3.1145397594575686,"(1, 0, 1)","(0, 0, 0, 7)",-343.7520692509303,EXESSIVE_AVAILABLE_CAPACITY_UNTIL_PRICE_LIMIT_9999_€/MWh,1,4
2025-01-20,2.73,2.7751643888043493,"(1, 0, 1)","(0, 0, 0, 7)",-347.16557503622323,EXESSIVE_AVAILABLE_CAPACITY_UNTIL_PRICE_LIMIT_9999_€/MWh,1,4
2025-01-21,3.03,2.7659595824896384,"(1, 0, 1)","(0, 0, 1, 7)",-347.2931369511058,EXESSIVE_AVAILABLE_CAPACITY_UNTIL_PRICE_LIMIT_9999_€/MWh,1,4
2025-01-22,2.93,2.8725838645170567,"(1, 0, 1)","(0, 0, 0, 7)",-346.9174252769196,EXESSIVE_AVAILABLE_CAPACITY_UNTIL_PRICE_LIMIT_9999_€/MWh,1,4
2025-01-23,2.69,2.5348096714758483,"(1, 0, 1)","(0, 0, 0, 7)",-346.6381166078807,EXESSIVE_AVAILABLE_CAPACITY_UNTIL_PRICE_LIMIT_9999_€/MWh,1,4
2025-01-24,2.23,2.3657398751425096,"(1, 0, 1)","(0, 0, 0, 7)",-346.3637010852415,EXESSIVE_AVAILABLE_CAPACITY_UNTIL_PRICE_LIMIT_9999_€/MWh,1,4
2025-01-25,2.18,2.2676239092480315,"(1, 0, 1)","(0, 0, 0, 7)",-342.2011798540574,EXESSIVE_AVAILABLE_CAPACITY_UNTIL_PRICE_LIMIT_9999_€/MWh,1,4
2025-01-26,2.11,2.3318030732790707,"(1, 0, 1)","(0, 0, 0, 7)",-342.5486536784383,EXESSIVE_AVAILABLE_CAPACITY_UNTIL_PRICE_LIMIT_9999_€/MWh,1,4
2025-01-27,1.93,1.8380596798881454,"(1, 0, 1)","(0, 0, 0, 7)",-342.18766867893504,EXESSIVE_AVAILABLE_CAPACITY_UNTIL_PRICE_LIMIT_9999_€/MWh,1,4
2025-01-28,2.13,1.9477974061886196,"(1, 0, 1)","(0, 0, 0, 7)",-340.95768114717805,EXESSIVE_AVAILABLE_CAPACITY_UNTIL_PRICE_LIMIT_9999_€/MWh,1,4
2025-01-29,2.33,2.025836045643455,"(1, 0, 1)","(0, 0, 0, 7)",-340.3077306118657,EXESSIVE_AVAILABLE_CAPACITY_UNTIL_PRICE_LIMIT_9999_€/MWh,1,4
2025-01-30,2.65,2.223366030476669,"(1, 0, 1)","(0, 0, 0, 7)",-340.23056977268146,EXESSIVE_AVAILABLE_CAPACITY_UNTIL_PRICE_LIMIT_9999_€/MWh,1,4
2025-01-31,2.85,2.4695179088027315,"(1, 0, 1)","(0, 0, 0, 7)",-339.4616262674292,EXESSIVE_AVAILABLE_CAPACITY_UNTIL_PRICE_LIMIT_9999_€/MWh,1,4
2025-02-01,2.76,2.776999346739802,"(1, 0, 1)","(0, 0, 0, 7)",-339.48931166644934,EXESSIVE_AVAILABLE_CAPACITY_UNTIL_PRICE_LIMIT_9999_€/MWh,1,4
2025-02-02,2.69,2.593617317788192,"(1, 0, 1)","(0, 0, 0, 7)",-339.5361095917414,EXESSIVE_AVAILABLE_CAPACITY_UNTIL_PRICE_LIMIT_9999_€/MWh,1,4
2025-02-03,2.79,2.6293343459392897,"(1, 0, 1)","(0, 0, 0, 7)",-339.6160450647937,EXESSIVE_AVAILABLE_CAPACITY_UNTIL_PRICE_LIMIT_9999_€/MWh,1,4
2025-02-04,2.75,2.597015914627006,"(1, 0, 1)","(0, 0, 0, 7)",-340.6954153080982,EXESSIVE_AVAILABLE_CAPACITY_UNTIL_PRICE_LIMIT_9999_€/MWh,1,4
2025-02-05,2.58,2.4124035943981923,"(1, 0, 1)","(0, 0, 0, 7)",-340.5184768478431,EXESSIVE_AVAILABLE_CAPACITY_UNTIL_PRICE_LIMIT_9999_€/MWh,1,4
2025-02-06,2.45,2.66194749131416,"(1, 0, 1)","(0, 0, 0, 7)",-339.94636215750484,EXESSIVE_AVAILABLE_CAPACITY_UNTIL_PRICE_LIMIT_9999_€/MWh,1,4
2025-02-07,2.5,2.1369726343518076,"(1, 0, 1)","(0, 0, 0, 7)",-341.4129339150342,EXESSIVE_AVAILABLE_CAPACITY_UNTIL_PRICE_LIMIT_9999_€/MWh,1,4
2025-02-08,2.63,2.168194892048562,"(1, 0, 1)","(0, 0, 0, 7)",-341.9280315272401,EXESSIVE_AVAILABLE_CAPACITY_UNTIL_PRICE_LIMIT_9999_€/MWh,1,4
2025-02-09,2.62,2.565084396281711,"(1, 0, 1)","(0, 0, 0, 7)",-342.65411544624754,EXESSIVE_AVAILABLE_CAPACITY_UNTIL_PRICE_LIMIT_9999_€/MWh,1,4
2025-02-10,2.45,2.387080488969029,"(1, 0, 1)","(0, 0, 0, 7)",-342.6390663363225,EXESSIVE_AVAILABLE_CAPACITY_UNTIL_PRICE_LIMIT_9999_€/MWh,1,4
2025-02-11,2.26,2.104739023616475,"(1, 0, 1)","(0, 0, 0, 7)",-342.86020670911745,EXESSIVE_AVAILABLE_CAPACITY_UNTIL_PRICE_LIMIT_9999_€/MWh,1,4
2025-02-12,2.32,2.3304743396147565,"(1, 0, 1)","(0, 0, 0, 7)",-342.35041888951935,EXESSIVE_AVAILABLE_CAPACITY_UNTIL_PRICE_LIMIT_9999_€/MWh,1,4
2025-02-13,2.44,2.3878495100583104,"(1, 0, 1)","(0, 0, 0, 7)",-342.67582209004377,EXESSIVE_AVAILABLE_CAPACITY_UNTIL_PRICE_LIMIT_9999_€/MWh,1,4
2025-02-14,2.48,2.2779437578211508,"(1, 0, 1)","(0, 0, 0, 7)",-342.66703358381585,EXESSIVE_AVAILABLE_CAPACITY_UNTIL_PRICE_LIMIT_9999_€/MWh,1,4
2025-02-15,2.62,2.370036237795208,"(1, 0, 1)","(0, 0, 0, 7)",-342.688188087979,EXESSIVE_AVAILABLE_CAPACITY_UNTIL_PRICE_LIMIT_9999_€/MWh,1,4
2025-02-16,2.77,2.2797282594278894,"(1, 0, 1)","(0, 0, 0, 7)",-343.537219006004,EXESSIVE_AVAILABLE_CAPACITY_UNTIL_PRICE_LIMIT_9999_€/MWh,1,4
2025-02-17,2.67,2.537664392633434,"(1, 0, 1)","(0, 0, 0, 7)",-343.6297925690427,EXESSIVE_AVAILABLE_CAPACITY_UNTIL_PRICE_LIMIT_9999_€/MWh,1,4
2025-02-18,2.53,2.5537053598519392,"(1, 0, 1)","(0, 0, 0, 7)",-343.1995154974387,EXESSIVE_AVAILABLE_CAPACITY_UNTIL_PRICE_LIMIT_9999_€/MWh,1,4
2025-02-19,2.45,2.2277337190989854,"(1, 0, 1)","(0, 0, 0, 7)",-343.0281507363743,EXESSIVE_AVAILABLE_CAPACITY_UNTIL_PRICE_LIMIT_9999_€/MWh,1,4
2025-02-20,2.41,2.145291140913705,"(1, 0, 1)","(0, 0, 0, 7)",-342.87359083086324,EXESSIVE_AVAILABLE_CAPACITY_UNTIL_PRICE_LIMIT_9999_€/MWh,1,4
2025-02-21,2.27,2.2131076637310234,"(1, 0, 1)","(0, 0, 0, 7)",-342.9457129454949,EXESSIVE_AVAILABLE_CAPACITY_UNTIL_PRICE_LIMIT_9999_€/MWh,1,4
2025-02-22,1.94,2.0162373938325016,"(1, 0, 1)","(0, 0, 0, 7)",-342.5486338513264,EXESSIVE_AVAILABLE_CAPACITY_UNTIL_PRICE_LIMIT_9999_€/MWh,1,4
2025-02-23,1.91,1.9251947239424463,"(1, 0, 1)","(0, 0, 0, 7)",-339.78911716672883,EXESSIVE_AVAILABLE_CAPACITY_UNTIL_PRICE_LIMIT_9999_€/MWh,1,4
2025-02-24,1.84,1.7819616519271766,"(1, 0, 1)","(0, 0, 0, 7)",-340.29311708128637,EXESSIVE_AVAILABLE_CAPACITY_UNTIL_PRICE_LIMIT_9999_€/MWh,1,4
2025-02-25,1.95,1.818874083294387,"(1, 0, 1)","(0, 0, 0, 7)",-341.13149914297406,EXESSIVE_AVAILABLE_CAPACITY_UNTIL_PRICE_LIMIT_9999_€/MWh,1,4
2025-02-26,2.26,1.974705411288458,"(1, 0, 1)","(0, 0, 0, 7)",-346.2842523174116,EXESSIVE_AVAILABLE_CAPACITY_UNTIL_PRICE_LIMIT_9999_€/MWh,1,4
2025-02-27,2.3,1.922950964294913,"(1, 0, 1)","(0, 0, 0, 7)",-348.7789619021495,EXESSIVE_AVAILABLE_CAPACITY_UNTIL_PRICE_LIMIT_9999_€/MWh,1,4
2025-02-28,2.31,2.1632260820646336,"(1, 0, 1)","(0, 0, 0, 7)",-351.2986692429794,EXESSIVE_AVAILABLE_CAPACITY_UNTIL_PRICE_LIMIT_9999_€/MWh,1,4
