DATE,ACTUAL_VALUE,D+1,ORDER,SEASONAL_ORDER,AIC,EXOGENOUS_FACTORS,NUM_FEATURES,FEATURE_NUMBERS,MARGINAL_PRICE,RMSE_COMPONENT,MAE,MAPE,ACCEPTANCE,REVENUE
2024-07-01 04:00:00,4.75,5.235561705833076,"(1, 0, 1)","(1, 0, 1, 7)",107.6837452036686,FCR_GERMANY_SETTLEMENTCAPACITY_PRICE_[EUR/MW],1,1,5.41,0.23577017017152674,0.4855617058330761,0.1022235170174897,1,5.235561705833076
2024-07-02 04:00:00,4.28,5.095212178885341,"(1, 0, 1)","(1, 0, 1, 7)",107.22744323228926,FCR_GERMANY_SETTLEMENTCAPACITY_PRICE_[EUR/MW],1,1,6.0,0.6645708966029853,0.815212178885341,0.19047013525358433,1,5.095212178885341
2024-07-03 04:00:00,4.06,4.031296108450635,"(1, 0, 1)","(1, 0, 1, 7)",107.15043398731092,FCR_GERMANY_SETTLEMENTCAPACITY_PRICE_[EUR/MW],1,1,5.12,0.0008239133900776648,0.028703891549364258,0.00706992402693701,1,4.031296108450635
2024-07-04 04:00:00,5.31,4.0157654847327295,"(1, 0, 1)","(1, 0, 1, 7)",105.99401711701952,FCR_GERMANY_SETTLEMENTCAPACITY_PRICE_[EUR/MW],1,1,7.46,1.6750429805091056,1.29423451526727,0.2437353136096554,1,4.0157654847327295
2024-07-05 04:00:00,5.42,5.173930242080576,"(1, 0, 1)","(1, 0, 1, 7)",105.66184725771066,FCR_GERMANY_SETTLEMENTCAPACITY_PRICE_[EUR/MW],1,1,6.57,0.060550325762523706,0.24606975791942354,0.04540032433937704,1,5.173930242080576
2024-07-06 04:00:00,5.57,5.356771144412754,"(1, 0, 1)","(1, 0, 1, 7)",105.12932319734304,FCR_GERMANY_SETTLEMENTCAPACITY_PRICE_[EUR/MW],1,1,7.28,0.04546654485504676,0.21322885558724636,0.0382816616853225,1,5.356771144412754
2024-07-07 04:00:00,6.93,5.951586937054617,"(1, 0, 1)","(1, 0, 1, 7)",104.91855627805754,FCR_GERMANY_SETTLEMENTCAPACITY_PRICE_[EUR/MW],1,1,9.77,0.9572921217421657,0.9784130629453829,0.14118514616816494,1,5.951586937054617
2024-07-08 04:00:00,5.54,6.357644568561596,"(1, 0, 1)","(1, 0, 1, 7)",105.01618333000152,FCR_GERMANY_SETTLEMENTCAPACITY_PRICE_[EUR/MW],1,1,6.77,0.6685426404982778,0.8176445685615956,0.1475892723035371,1,6.357644568561596
2024-07-09 04:00:00,4.89,5.404419263644919,"(1, 0, 1)","(1, 0, 1, 7)",105.59317688532448,FCR_GERMANY_SETTLEMENTCAPACITY_PRICE_[EUR/MW],1,1,5.56,0.2646271788089811,0.5144192636449194,0.1051982134243189,1,5.404419263644919
2024-07-10 04:00:00,4.65,4.4302124837082415,"(1, 0, 3)","(1, 0, 1, 7)",102.71952966407338,FCR_GERMANY_SETTLEMENTCAPACITY_PRICE_[EUR/MW],1,1,5.18,0.04830655231770017,0.21978751629175886,0.047266132535862114,1,4.4302124837082415
2024-07-11 04:00:00,4.19,4.096403340148093,"(1, 0, 1)","(1, 0, 1, 7)",101.45331999314604,FCR_GERMANY_SETTLEMENTCAPACITY_PRICE_[EUR/MW],1,1,4.65,0.008760334735433603,0.09359665985190713,0.02233810497658881,1,4.096403340148093
2024-07-12 04:00:00,3.65,4.137139054012912,"(1, 0, 1)","(1, 0, 1, 7)",101.5367144973645,FCR_GERMANY_SETTLEMENTCAPACITY_PRICE_[EUR/MW],1,1,3.9,0.2373044579445947,0.4871390540129119,0.13346275452408546,0,0.0
2024-07-13 04:00:00,3.82,3.814005083404091,"(1, 0, 1)","(1, 0, 1, 7)",101.0975167760357,FCR_GERMANY_SETTLEMENTCAPACITY_PRICE_[EUR/MW],1,1,4.68,3.593902499190256e-05,0.0059949165959087836,0.0015693498942169592,1,3.814005083404091
2024-07-14 04:00:00,4.81,4.615995555605796,"(2, 0, 0)","(1, 0, 1, 7)",100.66436780770502,FCR_GERMANY_SETTLEMENTCAPACITY_PRICE_[EUR/MW],1,1,7.57,0.03763772444470369,0.19400444439420372,0.040333564323119284,1,4.615995555605796
2024-07-15 04:00:00,4.36,4.481988818918951,"(2, 0, 0)","(1, 0, 1, 7)",98.69999167759212,FCR_GERMANY_SETTLEMENTCAPACITY_PRICE_[EUR/MW],1,1,4.9,0.014881271941240474,0.12198881891895041,0.02797908690801615,1,4.481988818918951
2024-07-16 04:00:00,12.72,4.240386513908427,"(1, 0, 3)","(1, 0, 1, 7)",96.95874961597995,FCR_GERMANY_SETTLEMENTCAPACITY_PRICE_[EUR/MW],1,1,62.23,71.90384487350607,8.479613486091573,0.6666362803531111,1,4.240386513908427
2024-07-17 04:00:00,11.2,10.83636593901503,"(2, 0, 0)","(1, 0, 1, 7)",110.03562704163956,FCR_GERMANY_SETTLEMENTCAPACITY_PRICE_[EUR/MW],1,1,17.8,0.1322297303084204,0.3636340609849693,0.03246732687365798,1,10.83636593901503
2024-07-18 04:00:00,7.08,9.724362332142922,"(1, 0, 1)","(1, 0, 1, 7)",102.44109804462371,FCR_GERMANY_SETTLEMENTCAPACITY_PRICE_[EUR/MW],1,1,8.61,6.992652143656354,2.644362332142922,0.3734975045399608,0,0.0
2024-07-19 04:00:00,5.08,5.280925628402508,"(1, 0, 3)","(1, 0, 1, 7)",102.08422943555792,FCR_GERMANY_SETTLEMENTCAPACITY_PRICE_[EUR/MW],1,1,5.7,0.04037110814894257,0.2009256284025076,0.039552289055611735,1,5.280925628402508
2024-07-20 04:00:00,4.83,5.051471373841949,"(1, 0, 1)","(1, 0, 1, 7)",103.2994956720291,FCR_GERMANY_SETTLEMENTCAPACITY_PRICE_[EUR/MW],1,1,5.39,0.049049569431440204,0.2214713738419487,0.04585328650972023,1,5.051471373841949
2024-07-21 04:00:00,5.28,5.3208255565261,"(1, 0, 1)","(1, 0, 1, 7)",102.80439541973328,FCR_GERMANY_SETTLEMENTCAPACITY_PRICE_[EUR/MW],1,1,6.1,0.0016667260656657668,0.04082555652609976,0.007732112978427985,1,5.3208255565261
2024-07-22 04:00:00,4.56,4.874559670107259,"(1, 0, 1)","(1, 0, 1, 7)",101.65195580496892,FCR_GERMANY_SETTLEMENTCAPACITY_PRICE_[EUR/MW],1,1,5.25,0.09894778605798792,0.3145596701072595,0.06898238379545164,1,4.874559670107259
2024-07-23 04:00:00,4.25,4.586032160052474,"(1, 0, 1)","(1, 0, 1, 7)",101.88998285664236,FCR_GERMANY_SETTLEMENTCAPACITY_PRICE_[EUR/MW],1,1,5.17,0.11291761258953138,0.3360321600524738,0.07906639060058207,1,4.586032160052474
2024-07-24 04:00:00,4.07,4.4094117924067415,"(1, 0, 1)","(1, 0, 1, 7)",99.785485630275,FCR_GERMANY_SETTLEMENTCAPACITY_PRICE_[EUR/MW],1,1,4.45,0.11520036482475682,0.33941179240674124,0.0833935607878971,1,4.4094117924067415
2024-07-25 04:00:00,3.57,3.731848800606587,"(1, 0, 1)","(1, 0, 1, 7)",99.81520852880637,FCR_GERMANY_SETTLEMENTCAPACITY_PRICE_[EUR/MW],1,1,4.1,0.026195034257790833,0.16184880060658724,0.045335798489240124,1,3.731848800606587
2024-07-26 04:00:00,3.38,3.533785721732812,"(1, 0, 1)","(1, 0, 1, 7)",97.77712234907531,FCR_GERMANY_SETTLEMENTCAPACITY_PRICE_[EUR/MW],1,1,3.76,0.02365004820888196,0.15378572173281224,0.045498734240477,1,3.533785721732812
2024-07-27 04:00:00,3.27,3.251770527630199,"(1, 0, 1)","(1, 0, 1, 7)",96.29655470159346,FCR_GERMANY_SETTLEMENTCAPACITY_PRICE_[EUR/MW],1,1,3.7,0.00033231366288133374,0.01822947236980088,0.005574762192599658,1,3.251770527630199
2024-07-28 04:00:00,3.96,4.292807078620254,"(1, 0, 1)","(1, 0, 1, 7)",92.21354314417508,FCR_GERMANY_SETTLEMENTCAPACITY_PRICE_[EUR/MW],1,1,6.0,0.11076055157974804,0.33280707862025416,0.08404219157077125,1,4.292807078620254
2024-07-29 04:00:00,3.65,3.6689373039724233,"(1, 0, 1)","(1, 0, 1, 7)",91.25298630820734,FCR_GERMANY_SETTLEMENTCAPACITY_PRICE_[EUR/MW],1,1,4.15,0.00035862148174396443,0.018937303972423436,0.005188302458198202,1,3.6689373039724233
2024-07-30 04:00:00,3.31,4.099933533271816,"(1, 0, 1)","(1, 0, 1, 7)",91.43610808889429,FCR_GERMANY_SETTLEMENTCAPACITY_PRICE_[EUR/MW],1,1,3.73,0.6239949869872953,0.789933533271816,0.2386506142815154,0,0.0
2024-07-31 04:00:00,2.94,3.01304069147212,"(1, 0, 1)","(1, 0, 1, 7)",91.29246630488814,FCR_GERMANY_SETTLEMENTCAPACITY_PRICE_[EUR/MW],1,1,3.26,0.005334942610725456,0.07304069147212022,0.0248437726095647,1,3.01304069147212
2024-08-01 04:00:00,2.75,2.89836889408008,"(1, 0, 1)","(1, 0, 1, 7)",90.68296939173092,FCR_GERMANY_SETTLEMENTCAPACITY_PRICE_[EUR/MW],1,1,3.0,0.022013328730545942,0.1483688940800798,0.05395232512002902,1,2.89836889408008
2024-08-02 04:00:00,2.41,2.718389290337337,"(1, 0, 1)","(1, 0, 1, 7)",89.91034146286236,FCR_GERMANY_SETTLEMENTCAPACITY_PRICE_[EUR/MW],1,1,2.68,0.09510395439476625,0.30838929033733686,0.1279623611358244,0,0.0
2024-08-03 04:00:00,2.38,2.418941277180901,"(1, 0, 1)","(1, 0, 1, 7)",89.24821249201034,FCR_GERMANY_SETTLEMENTCAPACITY_PRICE_[EUR/MW],1,1,3.04,0.0015164230684797792,0.038941277180901235,0.016361881168445898,1,2.418941277180901
2024-08-04 04:00:00,3.21,2.835614582572485,"(1, 0, 1)","(1, 0, 1, 7)",88.69312789977734,FCR_GERMANY_SETTLEMENTCAPACITY_PRICE_[EUR/MW],1,1,4.07,0.14016444078237464,0.37438541742751497,0.11663097116121962,1,2.835614582572485
2024-08-05 04:00:00,2.7,3.3469397722433745,"(1, 0, 1)","(1, 0, 1, 7)",88.43465810345003,FCR_GERMANY_SETTLEMENTCAPACITY_PRICE_[EUR/MW],1,1,3.21,0.418531068910309,0.6469397722433743,0.23960732305310156,0,0.0
2024-08-06 04:00:00,2.43,3.025582553609764,"(1, 0, 1)","(1, 0, 1, 7)",89.12819453090901,FCR_GERMANY_SETTLEMENTCAPACITY_PRICE_[EUR/MW],1,1,2.73,0.354718578164327,0.5955825536097636,0.2450957010739768,0,0.0
2024-08-07 04:00:00,2.2,2.4325801008368373,"(1, 0, 1)","(1, 0, 1, 7)",89.5875680018087,FCR_GERMANY_SETTLEMENTCAPACITY_PRICE_[EUR/MW],1,1,3.06,0.05409350330527332,0.2325801008368371,0.10571822765310777,1,2.4325801008368373
2024-08-08 04:00:00,2.46,2.1031380126690125,"(1, 0, 1)","(1, 0, 1, 7)",89.57248306968935,FCR_GERMANY_SETTLEMENTCAPACITY_PRICE_[EUR/MW],1,1,2.66,0.1273504780018219,0.3568619873309875,0.14506584850853152,1,2.1031380126690125
2024-08-09 04:00:00,2.43,2.483894782194041,"(1, 0, 1)","(1, 0, 1, 7)",89.05955841295635,FCR_GERMANY_SETTLEMENTCAPACITY_PRICE_[EUR/MW],1,1,3.07,0.002904647547743093,0.05389478219404076,0.02217892271359702,1,2.483894782194041
2024-08-10 04:00:00,2.82,2.677313218808423,"(1, 0, 1)","(1, 0, 1, 7)",88.58739369868665,FCR_GERMANY_SETTLEMENTCAPACITY_PRICE_[EUR/MW],1,1,3.65,0.020359517526812865,0.14268678119157663,0.05059814935871512,1,2.677313218808423
2024-08-11 04:00:00,3.4,3.1919192943349746,"(1, 0, 1)","(1, 0, 1, 7)",88.29377604538425,FCR_GERMANY_SETTLEMENTCAPACITY_PRICE_[EUR/MW],1,1,4.34,0.04329758007005491,0.20808070566502535,0.06120020754853687,1,3.1919192943349746
2024-08-12 04:00:00,2.94,3.3430290704659957,"(1, 0, 1)","(1, 0, 1, 7)",88.0625676944807,FCR_GERMANY_SETTLEMENTCAPACITY_PRICE_[EUR/MW],1,1,3.39,0.1624324316406846,0.4030290704659958,0.1370847178455768,1,3.3430290704659957
2024-08-13 04:00:00,4.91,3.3079447984332355,"(1, 0, 1)","(1, 0, 1, 7)",88.37586719753949,FCR_GERMANY_SETTLEMENTCAPACITY_PRICE_[EUR/MW],1,1,12.38,2.5665808688671268,1.6020552015667646,0.3262841551052474,1,3.3079447984332355
2024-08-14 04:00:00,4.45,4.903406349175357,"(1, 0, 1)","(1, 0, 1, 7)",90.86210621535864,FCR_GERMANY_SETTLEMENTCAPACITY_PRICE_[EUR/MW],1,1,6.08,0.2055773174725252,0.4534063491753564,0.10188906723041716,1,4.903406349175357
2024-08-15 04:00:00,3.92,4.017822446871643,"(1, 0, 1)","(1, 0, 1, 7)",90.66324855798229,FCR_GERMANY_SETTLEMENTCAPACITY_PRICE_[EUR/MW],1,1,4.4,0.00956923111195535,0.09782244687164265,0.024954705834602717,1,4.017822446871643
2024-08-16 04:00:00,3.4,3.922529419457377,"(1, 0, 1)","(1, 0, 1, 7)",90.496335256159,FCR_GERMANY_SETTLEMENTCAPACITY_PRICE_[EUR/MW],1,1,3.94,0.2730369941984637,0.5225294194573773,0.15368512336981685,1,3.922529419457377
2024-08-17 04:00:00,3.41,3.147849810761961,"(1, 0, 1)","(1, 0, 1, 7)",90.63755796628386,FCR_GERMANY_SETTLEMENTCAPACITY_PRICE_[EUR/MW],1,1,3.71,0.06872272171753972,0.2621501892380391,0.07687688833960091,1,3.147849810761961
2024-08-18 04:00:00,3.42,3.687762262207133,"(1, 0, 1)","(1, 0, 1, 7)",90.21112255813262,FCR_GERMANY_SETTLEMENTCAPACITY_PRICE_[EUR/MW],1,1,4.78,0.07169662906228154,0.2677622622071332,0.07829305912489275,1,3.687762262207133
2024-08-19 04:00:00,3.24,3.577413911989221,"(1, 0, 1)","(1, 0, 1, 7)",90.58917638839884,FCR_GERMANY_SETTLEMENTCAPACITY_PRICE_[EUR/MW],1,1,3.84,0.11384814800386962,0.33741391198922077,0.10414009629296937,1,3.577413911989221
2024-08-20 04:00:00,6.19,3.5881182454871188,"(1, 0, 1)","(1, 0, 1, 7)",90.04908892602616,FCR_GERMANY_SETTLEMENTCAPACITY_PRICE_[EUR/MW],1,1,14.77,6.769788664467031,2.6018817545128816,0.4203363092912571,1,3.5881182454871188
2024-08-21 04:00:00,6.16,5.740205023849983,"(1, 0, 1)","(1, 0, 1, 7)",93.8380303847859,FCR_GERMANY_SETTLEMENTCAPACITY_PRICE_[EUR/MW],1,1,8.8,0.17622782200079357,0.41979497615001726,0.06814853508928852,1,5.740205023849983
2024-08-22 04:00:00,5.24,5.282903502959504,"(1, 0, 1)","(1, 0, 1, 7)",93.37663255914131,FCR_GERMANY_SETTLEMENTCAPACITY_PRICE_[EUR/MW],1,1,5.83,0.001840710566196184,0.04290350295950418,0.00818769140448553,1,5.282903502959504
2024-08-23 04:00:00,5.49,5.1375854177510725,"(1, 0, 1)","(1, 0, 1, 7)",93.4157474371198,FCR_GERMANY_SETTLEMENTCAPACITY_PRICE_[EUR/MW],1,1,6.87,0.12419603778168625,0.35241458224892774,0.06419209148432199,1,5.1375854177510725
2024-08-24 04:00:00,5.14,5.126824699335733,"(1, 0, 1)","(1, 0, 1, 7)",93.95200004631248,FCR_GERMANY_SETTLEMENTCAPACITY_PRICE_[EUR/MW],1,1,5.63,0.00017358854759381626,0.01317530066426631,0.0025632880669778815,1,5.126824699335733
2024-08-25 04:00:00,6.89,5.714660679848954,"(1, 0, 1)","(1, 0, 1, 7)",93.51830355102236,FCR_GERMANY_SETTLEMENTCAPACITY_PRICE_[EUR/MW],1,1,9.39,1.3814225174931216,1.1753393201510454,0.17058625836735056,1,5.714660679848954
2024-08-26 04:00:00,5.4,6.4057597419731565,"(1, 0, 1)","(1, 0, 1, 7)",92.99298191503549,FCR_GERMANY_SETTLEMENTCAPACITY_PRICE_[EUR/MW],1,1,6.9,1.0115526585739096,1.005759741973156,0.18625180406910297,1,6.4057597419731565
2024-08-27 04:00:00,4.6,5.30729055614398,"(1, 0, 1)","(1, 0, 1, 7)",93.41334230846904,FCR_GERMANY_SETTLEMENTCAPACITY_PRICE_[EUR/MW],1,1,5.1,0.5002599308104607,0.7072905561439802,0.1537588165530392,0,0.0
2024-08-28 04:00:00,4.17,4.323295605796261,"(1, 0, 1)","(1, 0, 1, 7)",85.13981684779155,FCR_GERMANY_SETTLEMENTCAPACITY_PRICE_[EUR/MW],1,1,4.6,0.023499542756442685,0.15329560579626111,0.03676153616217293,1,4.323295605796261
2024-08-29 04:00:00,3.8,3.9380400322560263,"(1, 0, 1)","(1, 0, 1, 7)",84.99375115183545,FCR_GERMANY_SETTLEMENTCAPACITY_PRICE_[EUR/MW],1,1,4.1,0.019055050505244826,0.13804003225602646,0.0363263242779017,1,3.9380400322560263
2024-08-30 04:00:00,3.31,3.5673606488701006,"(1, 0, 1)","(1, 0, 1, 7)",85.01280142624356,FCR_GERMANY_SETTLEMENTCAPACITY_PRICE_[EUR/MW],1,1,3.71,0.0662345035868392,0.2573606488701006,0.0777524618942902,1,3.5673606488701006
2024-08-31 04:00:00,3.32,3.4968867087854267,"(1, 0, 1)","(1, 0, 1, 7)",84.97139823576748,FCR_GERMANY_SETTLEMENTCAPACITY_PRICE_[EUR/MW],1,1,3.75,0.03128890774494042,0.1768867087854269,0.053279129152237016,1,3.4968867087854267
2024-09-01 04:00:00,3.72,3.4722033785492057,"(1, 0, 1)","(1, 0, 1, 7)",84.9495096359443,FCR_GERMANY_SETTLEMENTCAPACITY_PRICE_[EUR/MW],1,1,5.0,0.06140316560242835,0.2477966214507945,0.06661199501365443,1,3.4722033785492057
2024-09-02 04:00:00,3.4,3.4754243455605844,"(1, 0, 1)","(1, 0, 1, 7)",84.78335315436343,FCR_GERMANY_SETTLEMENTCAPACITY_PRICE_[EUR/MW],1,1,4.32,0.005688831903242467,0.07542434556058453,0.022183631047230742,1,3.4754243455605844
2024-09-03 04:00:00,3.19,3.87950113444065,"(1, 0, 1)","(1, 0, 1, 7)",84.77032237951093,FCR_GERMANY_SETTLEMENTCAPACITY_PRICE_[EUR/MW],1,1,3.78,0.4754118143949434,0.6895011344406501,0.2161445562509875,0,0.0
2024-09-04 04:00:00,2.94,3.228879825029198,"(1, 0, 1)","(1, 0, 1, 7)",85.19263070710063,FCR_GERMANY_SETTLEMENTCAPACITY_PRICE_[EUR/MW],1,1,3.61,0.08345155330890003,0.28887982502919796,0.0982584438874823,1,3.228879825029198
2024-09-05 04:00:00,3.22,3.1715833851037227,"(1, 0, 1)","(1, 0, 1, 7)",85.23880658758063,FCR_GERMANY_SETTLEMENTCAPACITY_PRICE_[EUR/MW],1,1,3.88,0.002344168598014437,0.048416614896277466,0.015036215806297349,1,3.1715833851037227
2024-09-06 04:00:00,5.02,2.9472887116810447,"(1, 0, 1)","(1, 0, 1, 7)",85.27963422102826,FCR_GERMANY_SETTLEMENTCAPACITY_PRICE_[EUR/MW],1,1,8.09,4.296132084724822,2.072711288318955,0.412890694884254,1,2.9472887116810447
2024-09-07 04:00:00,4.34,3.9319882909672055,"(1, 0, 1)","(1, 0, 1, 7)",87.8225309783925,FCR_GERMANY_SETTLEMENTCAPACITY_PRICE_[EUR/MW],1,1,5.1,0.16647355470786165,0.4080117090327944,0.09401191452368535,1,3.9319882909672055
2024-09-08 04:00:00,4.62,4.328613010338089,"(1, 0, 1)","(1, 0, 1, 7)",88.26962153527694,FCR_GERMANY_SETTLEMENTCAPACITY_PRICE_[EUR/MW],1,1,5.87,0.0849063777442305,0.2913869896619108,0.06307077698309757,1,4.328613010338089
2024-09-09 04:00:00,3.98,4.4015635161918105,"(1, 0, 1)","(1, 0, 1, 7)",87.19936842338512,FCR_GERMANY_SETTLEMENTCAPACITY_PRICE_[EUR/MW],1,1,4.86,0.1777157981840029,0.42156351619181054,0.10592048145522878,1,4.4015635161918105
2024-09-10 04:00:00,4.45,3.798793749499602,"(1, 0, 3)","(1, 0, 1, 7)",84.61266312639488,FCR_GERMANY_SETTLEMENTCAPACITY_PRICE_[EUR/MW],1,1,6.19,0.4240695806907876,0.6512062505003984,0.14633848325851648,1,3.798793749499602
2024-09-11 04:00:00,5.96,4.490656798963176,"(1, 0, 1)","(1, 0, 1, 7)",86.13941041486488,FCR_GERMANY_SETTLEMENTCAPACITY_PRICE_[EUR/MW],1,1,11.9,2.1589694424331403,1.469343201036824,0.2465340941336953,1,4.490656798963176
2024-09-12 04:00:00,5.35,4.724037330797632,"(1, 0, 1)","(1, 0, 1, 7)",84.33275114873756,FCR_GERMANY_SETTLEMENTCAPACITY_PRICE_[EUR/MW],1,1,6.59,0.39182926323495276,0.6259626692023676,0.11700236807520892,1,4.724037330797632
2024-09-13 04:00:00,4.79,5.278767365210937,"(1, 0, 1)","(1, 0, 1, 7)",80.76671807073835,FCR_GERMANY_SETTLEMENTCAPACITY_PRICE_[EUR/MW],1,1,5.25,0.23889353729524168,0.4887673652109372,0.1020391159104253,0,0.0
2024-09-14 04:00:00,5.68,4.923900604629793,"(1, 0, 1)","(1, 0, 1, 7)",80.67912710625308,FCR_GERMANY_SETTLEMENTCAPACITY_PRICE_[EUR/MW],1,1,6.91,0.571686295679192,0.7560993953702067,0.1331160907341913,1,4.923900604629793
2024-09-15 04:00:00,5.8,5.493316101931255,"(1, 0, 1)","(1, 0, 1, 7)",80.09497141510789,FCR_GERMANY_SETTLEMENTCAPACITY_PRICE_[EUR/MW],1,1,6.99,0.09405501333464049,0.3066838980687452,0.052876534149783654,1,5.493316101931255
2024-09-16 04:00:00,5.25,5.057152367994324,"(1, 0, 1)","(1, 0, 1, 7)",80.20040185070546,FCR_GERMANY_SETTLEMENTCAPACITY_PRICE_[EUR/MW],1,1,7.16,0.037190209170196546,0.19284763200567578,0.03673288228679539,1,5.057152367994324
2024-09-17 04:00:00,5.88,5.30870444209932,"(1, 0, 1)","(1, 0, 1, 7)",80.09808797059958,FCR_GERMANY_SETTLEMENTCAPACITY_PRICE_[EUR/MW],1,1,10.44,0.3263786144770487,0.5712955579006795,0.09715910848651013,1,5.30870444209932
2024-09-18 04:00:00,5.75,5.826132705012176,"(1, 0, 3)","(1, 0, 1, 7)",78.67204779052976,FCR_GERMANY_SETTLEMENTCAPACITY_PRICE_[EUR/MW],1,1,6.67,0.005796188772471018,0.07613270501217606,0.013240470436900185,1,5.826132705012176
2024-09-19 04:00:00,5.43,5.49408849657017,"(1, 0, 3)","(1, 0, 1, 7)",76.17278197773635,FCR_GERMANY_SETTLEMENTCAPACITY_PRICE_[EUR/MW],1,1,6.09,0.004107335392624779,0.06408849657017068,0.011802669718263478,1,5.49408849657017
2024-09-20 04:00:00,5.18,5.589639778511159,"(1, 0, 3)","(1, 0, 1, 7)",74.26876684465991,FCR_GERMANY_SETTLEMENTCAPACITY_PRICE_[EUR/MW],1,1,5.65,0.16780474813867136,0.40963977851115896,0.07908103832261756,1,5.589639778511159
2024-09-21 04:00:00,5.02,4.466205713274662,"(1, 0, 1)","(1, 0, 1, 7)",75.88209391007985,FCR_GERMANY_SETTLEMENTCAPACITY_PRICE_[EUR/MW],1,1,5.56,0.3066881120096254,0.5537942867253376,0.1103175869970792,1,4.466205713274662
2024-09-22 04:00:00,4.78,5.096364902204728,"(1, 0, 3)","(1, 0, 1, 7)",74.07806536298436,FCR_GERMANY_SETTLEMENTCAPACITY_PRICE_[EUR/MW],1,1,5.24,0.10008675134700705,0.3163649022047279,0.06618512598425269,1,5.096364902204728
2024-09-23 04:00:00,4.32,4.551423151764094,"(1, 0, 1)","(1, 0, 1, 7)",75.68221902131009,FCR_GERMANY_SETTLEMENTCAPACITY_PRICE_[EUR/MW],1,1,5.0,0.05355667517242694,0.23142315176409411,0.053570174019466225,1,4.551423151764094
2024-09-24 04:00:00,4.21,4.189971956133755,"(1, 0, 1)","(1, 0, 1, 7)",74.84229870524777,FCR_GERMANY_SETTLEMENTCAPACITY_PRICE_[EUR/MW],1,1,4.76,0.0004011225411082257,0.020028043866244793,0.004757255075117528,1,4.189971956133755
2024-09-25 04:00:00,5.81,4.070238634829011,"(1, 0, 1)","(1, 0, 1, 7)",72.80004907455907,FCR_GERMANY_SETTLEMENTCAPACITY_PRICE_[EUR/MW],1,1,9.49,3.026769607741621,1.7397613651709882,0.2994425757609274,1,4.070238634829011
2024-09-26 04:00:00,5.53,5.964809020654034,"(1, 0, 3)","(1, 0, 1, 7)",72.98835737292829,FCR_GERMANY_SETTLEMENTCAPACITY_PRICE_[EUR/MW],1,1,7.23,0.18905888444211982,0.4348090206540336,0.07862730934069323,1,5.964809020654034
2024-09-27 04:00:00,10.13,5.1084778420787496,"(1, 0, 1)","(1, 0, 1, 7)",73.40728980440804,FCR_GERMANY_SETTLEMENTCAPACITY_PRICE_[EUR/MW],1,1,14.73,25.2156847824941,5.021522157921251,0.49570801164079475,1,5.1084778420787496
2024-09-28 04:00:00,9.75,8.85577497182019,"(1, 0, 1)","(1, 0, 1, 7)",79.11383815081645,FCR_GERMANY_SETTLEMENTCAPACITY_PRICE_[EUR/MW],1,1,13.7,0.7996384010231805,0.8942250281798092,0.09171538750562146,1,8.85577497182019
2024-09-29 04:00:00,7.69,7.660074553771192,"(1, 0, 1)","(1, 0, 1, 7)",78.99802459760478,FCR_GERMANY_SETTLEMENTCAPACITY_PRICE_[EUR/MW],1,1,8.56,0.0008955323319932853,0.029925446228808106,0.003891475452380768,1,7.660074553771192
2024-09-30 04:00:00,7.79,6.23356043723015,"(1, 0, 3)","(1, 0, 1, 7)",78.4803687963844,FCR_GERMANY_SETTLEMENTCAPACITY_PRICE_[EUR/MW],1,1,12.38,2.422504112555203,1.5564395627698504,0.19979968713348528,1,6.23356043723015
2024-10-01 04:00:00,10.39,7.108772426448034,"(1, 0, 1)","(1, 0, 1, 7)",79.71583327869972,FCR_GERMANY_SETTLEMENTCAPACITY_PRICE_[EUR/MW],1,1,18.98,10.766454389437724,3.2812275735519663,0.3158063112177061,1,7.108772426448034
2024-10-02 04:00:00,7.88,8.930568760599858,"(1, 0, 1)","(1, 0, 1, 7)",80.78417167602807,FCR_GERMANY_SETTLEMENTCAPACITY_PRICE_[EUR/MW],1,1,9.3,1.1036947207483216,1.050568760599858,0.13332090870556573,1,8.930568760599858
2024-10-03 04:00:00,6.8,5.423492458903905,"(1, 0, 0)","(1, 0, 1, 7)",78.8837285373691,FCR_GERMANY_SETTLEMENTCAPACITY_PRICE_[EUR/MW],1,1,8.09,1.8947730106944183,1.3765075410960952,0.20242757957295518,1,5.423492458903905
2024-10-04 04:00:00,6.11,6.493229286784655,"(1, 0, 0)","(1, 0, 1, 7)",77.27725803124612,FCR_GERMANY_SETTLEMENTCAPACITY_PRICE_[EUR/MW],1,1,6.65,0.14686468624947513,0.38322928678465473,0.06272165086491893,1,6.493229286784655
2024-10-05 04:00:00,5.32,5.378077729617636,"(1, 0, 0)","(1, 0, 1, 7)",76.02084452066903,FCR_GERMANY_SETTLEMENTCAPACITY_PRICE_[EUR/MW],1,1,5.9,0.0033730226775391847,0.058077729617635576,0.01091686646948037,1,5.378077729617636
2024-10-06 04:00:00,5.26,5.2320846276593045,"(1, 0, 0)","(1, 0, 1, 7)",75.30117730320204,FCR_GERMANY_SETTLEMENTCAPACITY_PRICE_[EUR/MW],1,1,5.75,0.0007792680129196562,0.0279153723406953,0.005307105007736749,1,5.2320846276593045
2024-10-07 04:00:00,5.7,4.315296682602575,"(1, 0, 1)","(1, 0, 1, 7)",73.72901987646112,FCR_GERMANY_SETTLEMENTCAPACITY_PRICE_[EUR/MW],1,1,8.7,1.9174032772114333,1.3847033173974248,0.24293040656095172,1,4.315296682602575
2024-10-08 04:00:00,5.38,5.39930791069191,"(1, 0, 1)","(1, 0, 1, 7)",72.13447581350951,FCR_GERMANY_SETTLEMENTCAPACITY_PRICE_[EUR/MW],1,1,6.61,0.00037279541528676655,0.019307910691909846,0.0035888309836263656,1,5.39930791069191
2024-10-09 04:00:00,4.91,4.630311356230924,"(1, 0, 0)","(1, 0, 1, 7)",72.25776820511756,FCR_GERMANY_SETTLEMENTCAPACITY_PRICE_[EUR/MW],1,1,5.33,0.07822573745338533,0.27968864376907643,0.05696306390408888,1,4.630311356230924
2024-10-10 04:00:00,5.19,4.914543538516565,"(1, 0, 1)","(1, 0, 1, 7)",71.72545914221655,FCR_GERMANY_SETTLEMENTCAPACITY_PRICE_[EUR/MW],1,1,12.74,0.07587626217297544,0.2754564614834356,0.053074462713571406,1,4.914543538516565
2024-10-11 04:00:00,5.72,4.510271939005753,"(1, 0, 1)","(1, 0, 1, 7)",67.4259613933609,FCR_GERMANY_SETTLEMENTCAPACITY_PRICE_[EUR/MW],1,1,7.34,1.4634419815569009,1.2097280609942471,0.211490919754239,1,4.510271939005753
2024-10-12 04:00:00,5.34,5.321510957024443,"(1, 0, 1)","(1, 0, 1, 7)",67.08655930843557,FCR_GERMANY_SETTLEMENTCAPACITY_PRICE_[EUR/MW],1,1,5.78,0.000341844710151997,0.01848904297555709,0.0034623675984189308,1,5.321510957024443
2024-10-13 04:00:00,11.2,5.503972692429145,"(1, 0, 1)","(1, 0, 1, 7)",66.44060132659041,FCR_GERMANY_SETTLEMENTCAPACITY_PRICE_[EUR/MW],1,1,18.97,32.44472708859287,5.696027307570854,0.5085738667473977,1,5.503972692429145
2024-10-14 04:00:00,8.9,9.462567976199884,"(1, 0, 1)","(1, 0, 1, 7)",68.98790572106917,FCR_GERMANY_SETTLEMENTCAPACITY_PRICE_[EUR/MW],1,1,15.22,0.31648272784563236,0.5625679761998832,0.06320988496627901,1,9.462567976199884
2024-10-15 04:00:00,8.64,8.27771029708412,"(1, 0, 1)","(1, 0, 1, 7)",69.3111265359623,FCR_GERMANY_SETTLEMENTCAPACITY_PRICE_[EUR/MW],1,1,24.29,0.1312538288388771,0.3622897029158807,0.04193167857822693,1,8.27771029708412
2024-10-16 04:00:00,14.2,7.857199346360377,"(1, 0, 1)","(1, 0, 1, 7)",68.09755279282965,FCR_GERMANY_SETTLEMENTCAPACITY_PRICE_[EUR/MW],1,1,20.96,40.23112013181122,6.342800653639622,0.44667610236898747,1,7.857199346360377
2024-10-17 04:00:00,15.88,9.879600431880856,"(1, 0, 0)","(1, 0, 1, 7)",72.23136422588966,FCR_GERMANY_SETTLEMENTCAPACITY_PRICE_[EUR/MW],1,1,25.04,36.004794977084416,6.000399568119144,0.3778589148689637,1,9.879600431880856
2024-10-18 04:00:00,11.48,11.328039416610917,"(1, 0, 1)","(1, 0, 1, 7)",73.12424446045044,FCR_GERMANY_SETTLEMENTCAPACITY_PRICE_[EUR/MW],1,1,12.61,0.023092018903950625,0.15196058338908358,0.013236984615773831,1,11.328039416610917
2024-10-19 04:00:00,8.6,8.112842478542406,"(1, 0, 1)","(1, 0, 1, 7)",73.0886031743209,FCR_GERMANY_SETTLEMENTCAPACITY_PRICE_[EUR/MW],1,1,10.92,0.23732245071270555,0.4871575214575934,0.05664622342530156,1,8.112842478542406
2024-10-20 04:00:00,7.35,8.371431911135256,"(1, 0, 1)","(1, 0, 1, 7)",73.45560275946087,FCR_GERMANY_SETTLEMENTCAPACITY_PRICE_[EUR/MW],1,1,8.53,1.0433231490854213,1.0214319111352559,0.13897032804561305,1,8.371431911135256
2024-10-21 04:00:00,12.5,6.678582483982195,"(1, 0, 1)","(1, 0, 1, 7)",73.95263978253342,FCR_GERMANY_SETTLEMENTCAPACITY_PRICE_[EUR/MW],1,1,24.98,33.88890189579891,5.821417516017805,0.46571340128142436,1,6.678582483982195
2024-10-22 04:00:00,10.13,11.369971527283155,"(1, 0, 3)","(1, 0, 2, 7)",77.37658230149182,FCR_GERMANY_SETTLEMENTCAPACITY_PRICE_[EUR/MW],1,1,10.99,1.537529388472919,1.2399715272831546,0.12240587633594813,0,0.0
2024-10-23 04:00:00,7.51,8.066260116029193,"(1, 0, 0)","(1, 0, 1, 7)",72.22958886503432,FCR_GERMANY_SETTLEMENTCAPACITY_PRICE_[EUR/MW],1,1,8.31,0.30942531668481166,0.5562601160291933,0.07406925646194319,1,8.066260116029193
2024-10-24 04:00:00,6.5,7.145624230953864,"(1, 0, 1)","(1, 0, 1, 7)",72.81300995152363,FCR_GERMANY_SETTLEMENTCAPACITY_PRICE_[EUR/MW],1,1,7.12,0.41683064759476807,0.6456242309538638,0.09932680476213289,0,0.0
2024-10-25 04:00:00,5.36,6.399333778251236,"(1, 0, 0)","(1, 0, 1, 7)",72.67403230680875,FCR_GERMANY_SETTLEMENTCAPACITY_PRICE_[EUR/MW],1,1,5.81,1.0802147026139892,1.039333778251236,0.19390555564388728,0,0.0
2024-10-26 04:00:00,4.44,4.57876259209478,"(1, 0, 1)","(1, 0, 1, 7)",71.83942964767394,FCR_GERMANY_SETTLEMENTCAPACITY_PRICE_[EUR/MW],1,1,4.8,0.019255056964862096,0.13876259209477926,0.031252836057382716,1,4.57876259209478
2024-10-27 04:00:00,4.12,4.258632145935463,"(1, 0, 0)","(1, 0, 1, 7)",71.81876098279712,FCR_GERMANY_SETTLEMENTCAPACITY_PRICE_[EUR/MW],1,1,4.67,0.019218871886671547,0.13863214593546314,0.033648579110549304,1,4.258632145935463
2024-10-28 04:00:00,3.73,4.009555354894054,"(1, 0, 1)","(1, 0, 1, 7)",72.26128844785646,FCR_GERMANY_SETTLEMENTCAPACITY_PRICE_[EUR/MW],1,1,4.16,0.07815119644994069,0.27955535489405436,0.07494781632548374,1,4.009555354894054
2024-10-29 04:00:00,3.33,3.5726305773161564,"(1, 0, 1)","(1, 0, 1, 7)",62.88893203865357,FCR_GERMANY_SETTLEMENTCAPACITY_PRICE_[EUR/MW],1,1,3.72,0.058869597048771316,0.24263057731615634,0.07286203523007698,1,3.5726305773161564
2024-10-30 04:00:00,2.93,3.0752384612631163,"(1, 0, 0)","(1, 0, 1, 7)",55.08010175842415,FCR_GERMANY_SETTLEMENTCAPACITY_PRICE_[EUR/MW],1,1,3.24,0.021094210630077683,0.14523846126311613,0.049569440704135194,1,3.0752384612631163
2024-10-31 04:00:00,2.72,2.766678106681168,"(1, 0, 0)","(1, 0, 1, 7)",54.469481170290464,FCR_GERMANY_SETTLEMENTCAPACITY_PRICE_[EUR/MW],1,1,2.9,0.002178845643338491,0.0466781066811679,0.017161068632782314,1,2.766678106681168
2024-11-01 04:00:00,3.8,2.8474691199611653,"(1, 0, 1)","(1, 0, 1, 7)",53.68893978757376,FCR_GERMANY_SETTLEMENTCAPACITY_PRICE_[EUR/MW],1,1,6.5,0.9073150774275567,0.9525308800388346,0.25066602106285124,1,2.8474691199611653
2024-11-02 04:00:00,3.93,3.546039728964186,"(1, 0, 0)","(1, 0, 1, 7)",51.50814881322425,FCR_GERMANY_SETTLEMENTCAPACITY_PRICE_[EUR/MW],1,1,4.75,0.147425489733896,0.3839602710358143,0.09769981451292985,1,3.546039728964186
2024-11-03 04:00:00,3.53,3.76907541261728,"(1, 0, 1)","(1, 0, 1, 7)",50.30667542955826,FCR_GERMANY_SETTLEMENTCAPACITY_PRICE_[EUR/MW],1,1,3.85,0.05715705291812271,0.23907541261728005,0.06772674578393204,1,3.76907541261728
2024-11-04 04:00:00,2.92,3.447993598480901,"(1, 0, 0)","(1, 0, 1, 7)",49.23807321585102,FCR_GERMANY_SETTLEMENTCAPACITY_PRICE_[EUR/MW],1,1,3.32,0.27877724003681115,0.5279935984809012,0.18081972550715797,0,0.0
2024-11-05 04:00:00,3.17,3.227698238087729,"(1, 0, 1)","(1, 0, 1, 7)",45.3048835407682,FCR_GERMANY_SETTLEMENTCAPACITY_PRICE_[EUR/MW],1,1,8.48,0.003329086678428249,0.05769823808772889,0.01820133693619208,1,3.227698238087729
2024-11-06 04:00:00,2.68,3.110646224453539,"(1, 0, 1)","(1, 0, 1, 7)",37.25807809801788,FCR_GERMANY_SETTLEMENTCAPACITY_PRICE_[EUR/MW],1,1,3.82,0.18545617063608766,0.43064622445353873,0.16068888972146966,1,3.110646224453539
2024-11-07 04:00:00,2.56,2.9019125315164707,"(2, 0, 0)","(1, 0, 1, 7)",36.6494619214312,FCR_GERMANY_SETTLEMENTCAPACITY_PRICE_[EUR/MW],1,1,3.04,0.1169041792080015,0.3419125315164706,0.13355958262362133,1,2.9019125315164707
2024-11-08 04:00:00,2.3,2.6574590536161176,"(1, 0, 1)","(1, 0, 1, 7)",36.08019864097646,FCR_GERMANY_SETTLEMENTCAPACITY_PRICE_[EUR/MW],1,1,2.55,0.12777697501213053,0.35745905361611774,0.1554169798330947,0,0.0
2024-11-09 04:00:00,2.07,2.103563201222772,"(1, 0, 1)","(1, 0, 1, 7)",35.80608933805152,FCR_GERMANY_SETTLEMENTCAPACITY_PRICE_[EUR/MW],1,1,2.22,0.0011264884763202995,0.03356320122277223,0.016214106870904462,1,2.103563201222772
2024-11-10 04:00:00,1.83,2.6264307391515938,"(1, 0, 1)","(1, 0, 1, 7)",35.47292459385106,FCR_GERMANY_SETTLEMENTCAPACITY_PRICE_[EUR/MW],1,1,1.96,0.6343019222655538,0.7964307391515937,0.43520805418119873,0,0.0
2024-11-11 04:00:00,1.59,2.212659322348402,"(1, 0, 0)","(1, 0, 1, 7)",36.21941459537997,FCR_GERMANY_SETTLEMENTCAPACITY_PRICE_[EUR/MW],1,1,3.0,0.38770463170737124,0.622659322348402,0.3916096366971082,1,2.212659322348402
2024-11-12 04:00:00,1.88,1.617897307244237,"(1, 0, 0)","(1, 0, 1, 7)",36.178941684957245,FCR_GERMANY_SETTLEMENTCAPACITY_PRICE_[EUR/MW],1,1,2.73,0.0686978215498218,0.2621026927557628,0.1394163259339164,1,1.617897307244237
2024-11-13 04:00:00,1.97,1.775710143421546,"(1, 0, 1)","(1, 0, 1, 7)",35.73251296055168,FCR_GERMANY_SETTLEMENTCAPACITY_PRICE_[EUR/MW],1,1,2.36,0.03774854836927618,0.19428985657845388,0.09862429267941822,1,1.775710143421546
2024-11-14 04:00:00,2.47,1.9072108187994807,"(2, 0, 0)","(1, 0, 1, 7)",15.675277894321257,FCR_GERMANY_SETTLEMENTCAPACITY_PRICE_[EUR/MW],1,1,4.11,0.31673166247635115,0.5627891812005195,0.22784987093138437,1,1.9072108187994807
2024-11-15 04:00:00,2.2,2.3336593581901104,"(2, 0, 0)","(1, 0, 1, 7)",11.601328868319705,FCR_GERMANY_SETTLEMENTCAPACITY_PRICE_[EUR/MW],1,1,2.8,0.01786482403179218,0.1336593581901102,0.06075425372277737,1,2.3336593581901104
2024-11-16 04:00:00,2.79,2.0559648667364048,"(1, 0, 1)","(1, 0, 1, 7)",10.906952830225492,FCR_GERMANY_SETTLEMENTCAPACITY_PRICE_[EUR/MW],1,1,5.17,0.538807576865304,0.7340351332635953,0.2630950298435825,1,2.0559648667364048
2024-11-17 04:00:00,11.36,2.5688362900963315,"(2, 0, 0)","(1, 0, 1, 7)",10.75475904080544,FCR_GERMANY_SETTLEMENTCAPACITY_PRICE_[EUR/MW],1,1,23.96,77.28455937432722,8.791163709903667,0.7738700448858863,1,2.5688362900963315
2024-11-18 04:00:00,12.49,16.641414614211612,"(1, 0, 1)","(1, 0, 1, 7)",35.71801928350534,FCR_GERMANY_SETTLEMENTCAPACITY_PRICE_[EUR/MW],1,1,18.21,17.234243299089748,4.151414614211612,0.3323790723948448,1,16.641414614211612
2024-11-19 04:00:00,7.22,9.548152015177084,"(1, 0, 1)","(1, 0, 1, 7)",24.66240533272191,FCR_GERMANY_SETTLEMENTCAPACITY_PRICE_[EUR/MW],1,1,8.94,5.420291805773121,2.3281520151770847,0.32245872786386215,0,0.0
2024-11-20 04:00:00,6.31,8.610473925931013,"(1, 0, 1)","(1, 0, 1, 7)",27.06129161158525,FCR_GERMANY_SETTLEMENTCAPACITY_PRICE_[EUR/MW],1,1,7.0,5.292180283888448,2.300473925931013,0.36457589951363123,0,0.0
2024-11-21 04:00:00,5.13,5.968979073815549,"(1, 0, 1)","(1, 0, 1, 7)",25.77464675224674,FCR_GERMANY_SETTLEMENTCAPACITY_PRICE_[EUR/MW],1,1,5.97,0.7038858863003971,0.8389790738155494,0.1635436791063449,1,5.968979073815549
2024-11-22 04:00:00,4.3,4.750105769461331,"(1, 0, 1)","(1, 0, 1, 7)",23.594650932436988,FCR_GERMANY_SETTLEMENTCAPACITY_PRICE_[EUR/MW],1,1,4.7,0.2025952037023767,0.45010576946133085,0.10467576033984438,0,0.0
2024-11-23 04:00:00,4.33,4.137756101309377,"(1, 0, 1)","(1, 0, 1, 7)",16.106812637921713,FCR_GERMANY_SETTLEMENTCAPACITY_PRICE_[EUR/MW],1,1,4.98,0.03695771658377042,0.19224389869062275,0.04439812902785745,1,4.137756101309377
2024-11-24 04:00:00,14.47,4.004025297920513,"(1, 0, 1)","(1, 0, 1, 7)",13.4177395125619,FCR_GERMANY_SETTLEMENTCAPACITY_PRICE_[EUR/MW],1,1,21.02,109.53662646456785,10.465974702079489,0.7232878163150994,1,4.004025297920513
2024-11-25 04:00:00,15.59,17.01890790974947,"(2, 0, 0)","(1, 0, 1, 7)",28.01117994050786,FCR_GERMANY_SETTLEMENTCAPACITY_PRICE_[EUR/MW],1,1,26.28,2.0417778145445973,1.4289079097494692,0.09165541435211477,1,17.01890790974947
2024-11-26 04:00:00,9.22,12.786433855233208,"(1, 0, 2)","(1, 0, 1, 7)",20.23204042012255,FCR_GERMANY_SETTLEMENTCAPACITY_PRICE_[EUR/MW],1,1,15.3,12.719450443753594,3.566433855233207,0.3868149517606515,1,12.786433855233208
2024-11-27 04:00:00,6.42,7.775476497740115,"(1, 0, 1)","(1, 0, 1, 7)",15.787556410866312,FCR_GERMANY_SETTLEMENTCAPACITY_PRICE_[EUR/MW],1,1,8.51,1.8373165359258086,1.3554764977401152,0.2111334108629463,1,7.775476497740115
2024-11-28 04:00:00,9.63,5.611764392524295,"(1, 0, 1)","(1, 0, 1, 7)",16.085897374033063,FCR_GERMANY_SETTLEMENTCAPACITY_PRICE_[EUR/MW],1,1,23.46,16.146217397185655,4.018235607475706,0.4172622645353796,1,5.611764392524295
2024-11-29 04:00:00,7.47,10.618968106198777,"(1, 0, 1)","(1, 0, 1, 7)",20.50023462985639,FCR_GERMANY_SETTLEMENTCAPACITY_PRICE_[EUR/MW],1,1,8.59,9.91600013385711,3.148968106198777,0.4215486085942138,0,0.0
2024-11-30 04:00:00,6.86,6.409693022523393,"(1, 0, 1)","(1, 0, 1, 7)",21.292292558520543,FCR_GERMANY_SETTLEMENTCAPACITY_PRICE_[EUR/MW],1,1,8.1,0.2027763739641179,0.45030697747660753,0.06564241654177952,1,6.409693022523393
2024-12-01 04:00:00,6.43,7.168722196747128,"(1, 0, 1)","(1, 0, 1, 7)",21.109559028431875,FCR_GERMANY_SETTLEMENTCAPACITY_PRICE_[EUR/MW],1,1,6.9,0.5457104839669025,0.738722196747128,0.11488681131370576,0,0.0
2024-12-02 04:00:00,6.34,7.553298586036394,"(1, 0, 1)","(1, 0, 1, 7)",21.82408540440639,FCR_GERMANY_SETTLEMENTCAPACITY_PRICE_[EUR/MW],1,1,13.0,1.4720934588779142,1.2132985860363945,0.19137201672498336,1,7.553298586036394
2024-12-03 04:00:00,6.46,4.217942845519765,"(1, 0, 1)","(1, 0, 1, 7)",21.319631411377223,FCR_GERMANY_SETTLEMENTCAPACITY_PRICE_[EUR/MW],1,1,13.76,5.026820283956007,2.242057154480235,0.34706767097217256,1,4.217942845519765
2024-12-04 04:00:00,5.8,6.205541937966978,"(1, 0, 1)","(1, 0, 1, 7)",21.224726676028254,FCR_GERMANY_SETTLEMENTCAPACITY_PRICE_[EUR/MW],1,1,7.93,0.16446426345001242,0.40554193796697824,0.06992102378741004,1,6.205541937966978
2024-12-05 04:00:00,5.77,5.811408560240978,"(1, 0, 1)","(1, 0, 1, 7)",20.442119850334805,FCR_GERMANY_SETTLEMENTCAPACITY_PRICE_[EUR/MW],1,1,7.23,0.0017146688612307544,0.04140856024097861,0.0071765269048489795,1,5.811408560240978
2024-12-06 04:00:00,17.57,5.371565396456331,"(1, 0, 1)","(1, 0, 1, 7)",21.01633526553329,FCR_GERMANY_SETTLEMENTCAPACITY_PRICE_[EUR/MW],1,1,37.4,148.80180677693158,12.198434603543669,0.6942763007139253,1,5.371565396456331
2024-12-07 04:00:00,13.64,12.985709169651033,"(1, 0, 1)","(1, 0, 1, 7)",42.4219607548268,FCR_GERMANY_SETTLEMENTCAPACITY_PRICE_[EUR/MW],1,1,18.47,0.42809649067874184,0.6542908303489678,0.047968535949337816,1,12.985709169651033
2024-12-08 04:00:00,10.96,15.564217625818896,"(1, 0, 1)","(1, 0, 1, 7)",42.73649946744149,FCR_GERMANY_SETTLEMENTCAPACITY_PRICE_[EUR/MW],1,1,12.23,21.198819945901388,4.604217625818896,0.4200928490710671,0,0.0
2024-12-09 04:00:00,10.9,11.810884373653064,"(1, 0, 1)","(1, 0, 1, 7)",43.06428585449288,FCR_GERMANY_SETTLEMENTCAPACITY_PRICE_[EUR/MW],1,1,17.42,0.8297103421653337,0.9108843736530634,0.08356737372963884,1,11.810884373653064
2024-12-10 04:00:00,10.22,10.79548598358099,"(1, 0, 1)","(1, 0, 1, 7)",38.18916491664143,FCR_GERMANY_SETTLEMENTCAPACITY_PRICE_[EUR/MW],1,1,14.37,0.331184117298179,0.5754859835809896,0.05630978312925534,1,10.79548598358099
2024-12-11 04:00:00,8.57,9.602563451036252,"(1, 0, 1)","(1, 0, 1, 7)",37.05310953591755,FCR_GERMANY_SETTLEMENTCAPACITY_PRICE_[EUR/MW],1,1,10.0,1.0661872804158936,1.0325634510362516,0.12048581692371663,1,9.602563451036252
2024-12-12 04:00:00,7.3,8.96480822462442,"(1, 0, 1)","(1, 0, 1, 7)",33.19529779609907,FCR_GERMANY_SETTLEMENTCAPACITY_PRICE_[EUR/MW],1,1,9.05,2.771586424777114,1.6648082246244202,0.22805592118142742,1,8.96480822462442
2024-12-13 04:00:00,7.07,8.359538422549024,"(1, 0, 1)","(1, 0, 1, 7)",32.95107375841088,FCR_GERMANY_SETTLEMENTCAPACITY_PRICE_[EUR/MW],1,1,7.92,1.6629093432302242,1.2895384225490236,0.1823958164850104,0,0.0
2024-12-14 04:00:00,6.58,4.965772110710055,"(1, 0, 1)","(1, 0, 1, 7)",32.250898851363104,FCR_GERMANY_SETTLEMENTCAPACITY_PRICE_[EUR/MW],1,1,7.2,2.605731678561472,1.6142278892899453,0.24532338743008286,1,4.965772110710055
2024-12-15 04:00:00,11.34,7.051845891652987,"(1, 0, 1)","(1, 0, 1, 7)",31.92114577681885,FCR_GERMANY_SETTLEMENTCAPACITY_PRICE_[EUR/MW],1,1,14.1,18.388265656933363,4.288154108347013,0.3781441012651687,1,7.051845891652987
2024-12-16 04:00:00,18.89,12.29808768866527,"(1, 0, 1)","(1, 0, 1, 7)",35.380890848537504,FCR_GERMANY_SETTLEMENTCAPACITY_PRICE_[EUR/MW],1,1,29.75,43.453307920326395,6.591912311334731,0.34896306571385555,1,12.29808768866527
2024-12-17 04:00:00,16.48,15.835415997202706,"(1, 0, 1)","(1, 0, 1, 7)",37.28460956019897,FCR_GERMANY_SETTLEMENTCAPACITY_PRICE_[EUR/MW],1,1,22.0,0.41548853666218305,0.6445840027972949,0.03911310696585527,1,15.835415997202706
2024-12-18 04:00:00,14.48,15.208520336453574,"(1, 0, 1)","(1, 0, 1, 7)",36.25379873421657,FCR_GERMANY_SETTLEMENTCAPACITY_PRICE_[EUR/MW],1,1,16.01,0.5307418806264286,0.728520336453574,0.05031217793187665,1,15.208520336453574
2024-12-19 04:00:00,19.53,13.978779869080894,"(1, 0, 1)","(1, 0, 1, 7)",34.31654465410255,FCR_GERMANY_SETTLEMENTCAPACITY_PRICE_[EUR/MW],1,1,29.34,30.81604494192155,5.551220130919107,0.28424066210543303,1,13.978779869080894
2024-12-20 04:00:00,17.93,20.366347269490667,"(1, 0, 1)","(1, 0, 1, 7)",36.97709607951772,FCR_GERMANY_SETTLEMENTCAPACITY_PRICE_[EUR/MW],1,1,26.0,5.935788017554632,2.4363472694906676,0.1358810523976948,1,20.366347269490667
2024-12-21 04:00:00,17.32,15.450238470676776,"(1, 0, 1)","(1, 0, 1, 7)",36.55275320085866,FCR_GERMANY_SETTLEMENTCAPACITY_PRICE_[EUR/MW],1,1,21.11,3.496008176537121,1.869761529323224,0.1079538989216642,1,15.450238470676776
2024-12-22 04:00:00,17.37,20.410258770394787,"(1, 0, 1)","(1, 0, 1, 7)",35.916382530552994,FCR_GERMANY_SETTLEMENTCAPACITY_PRICE_[EUR/MW],1,1,24.15,9.243173390962415,3.040258770394786,0.17502929017816843,1,20.410258770394787
2024-12-23 04:00:00,16.8,12.948997308804712,"(1, 0, 1)","(1, 0, 1, 7)",34.99632365921096,FCR_GERMANY_SETTLEMENTCAPACITY_PRICE_[EUR/MW],1,1,23.31,14.830221727593358,3.851002691195289,0.22922635066638622,1,12.948997308804712
2024-12-24 04:00:00,13.06,14.897497063481325,"(1, 0, 1)","(1, 0, 1, 7)",32.72351471836643,FCR_GERMANY_SETTLEMENTCAPACITY_PRICE_[EUR/MW],1,1,14.51,3.3763954583024893,1.8374970634813241,0.14069655922521623,0,0.0
2024-12-25 04:00:00,11.22,9.272366707205764,"(1, 0, 1)","(1, 0, 1, 7)",31.380422086152382,FCR_GERMANY_SETTLEMENTCAPACITY_PRICE_[EUR/MW],1,1,12.54,3.7932754432005207,1.9476332927942366,0.17358585497274834,1,9.272366707205764
2024-12-26 04:00:00,9.35,10.505574007598094,"(1, 0, 1)","(1, 0, 1, 7)",30.23718368325804,FCR_GERMANY_SETTLEMENTCAPACITY_PRICE_[EUR/MW],1,1,9.85,1.3353512870363204,1.1555740075980943,0.12359080295166784,0,0.0
2024-12-27 04:00:00,7.35,7.8909876938654895,"(1, 0, 1)","(1, 0, 1, 7)",27.77872443027215,FCR_GERMANY_SETTLEMENTCAPACITY_PRICE_[EUR/MW],1,1,8.28,0.29266768491390094,0.5409876938654898,0.07360376787285576,1,7.8909876938654895
2024-12-28 04:00:00,5.86,7.021394917014951,"(1, 0, 1)","(1, 0, 1, 7)",28.240223620144224,FCR_GERMANY_SETTLEMENTCAPACITY_PRICE_[EUR/MW],1,1,6.43,1.3488381532681641,1.1613949170149507,0.19819025887627142,0,0.0
2024-12-29 04:00:00,4.93,5.763347197272674,"(1, 0, 1)","(1, 0, 1, 7)",27.98384242790683,FCR_GERMANY_SETTLEMENTCAPACITY_PRICE_[EUR/MW],1,1,5.64,0.6944675512022218,0.8333471972726745,0.1690359426516581,0,0.0
2024-12-30 04:00:00,10.08,4.938139180335907,"(1, 0, 1)","(1, 0, 1, 7)",27.619544736350708,FCR_GERMANY_SETTLEMENTCAPACITY_PRICE_[EUR/MW],1,1,16.41,26.4387326887967,5.141860819664093,0.510105240046041,1,4.938139180335907
2024-12-31 04:00:00,10.76,13.641513188952056,"(1, 0, 1)","(1, 0, 1, 7)",32.52336949761813,FCR_GERMANY_SETTLEMENTCAPACITY_PRICE_[EUR/MW],1,1,14.3,8.303118258104647,2.8815131889520558,0.2677986235085554,1,13.641513188952056
2025-01-01 04:00:00,18.47,7.561166335812807,"(1, 0, 1)","(1, 0, 1, 7)",29.700064832199743,FCR_GERMANY_SETTLEMENTCAPACITY_PRICE_[EUR/MW],1,1,23.72,119.00265191290376,10.908833664187192,0.5906244539354192,1,7.561166335812807
2025-01-02 04:00:00,14.08,14.660847597827928,"(1, 0, 1)","(1, 0, 1, 7)",33.962749422701194,FCR_GERMANY_SETTLEMENTCAPACITY_PRICE_[EUR/MW],1,1,22.0,0.33738393190247434,0.5808475978279279,0.0412533805275517,1,14.660847597827928
2025-01-03 04:00:00,11.48,12.580017411547416,"(1, 0, 1)","(1, 0, 1, 7)",32.20345356213405,FCR_GERMANY_SETTLEMENTCAPACITY_PRICE_[EUR/MW],1,1,12.97,1.210038305707477,1.100017411547416,0.09582033201632542,1,12.580017411547416
2025-01-04 04:00:00,8.73,9.033672584854507,"(1, 0, 1)","(1, 0, 1, 7)",29.749451237420804,FCR_GERMANY_SETTLEMENTCAPACITY_PRICE_[EUR/MW],1,1,9.43,0.09221703879221761,0.30367258485450677,0.034784946718729295,1,9.033672584854507
2025-01-05 04:00:00,6.8,9.341095698277188,"(1, 0, 1)","(1, 0, 1, 7)",25.92021285713172,FCR_GERMANY_SETTLEMENTCAPACITY_PRICE_[EUR/MW],1,1,7.6,6.457167347802832,2.5410956982771884,0.3736905438642924,0,0.0
2025-01-06 04:00:00,16.99,7.633584245794703,"(1, 0, 1)","(1, 0, 1, 7)",25.28418240011334,FCR_GERMANY_SETTLEMENTCAPACITY_PRICE_[EUR/MW],1,1,33.0,87.54251576554105,9.356415754205296,0.5507013392704707,1,7.633584245794703
2025-01-07 04:00:00,16.54,16.359354581530603,"(1, 0, 1)","(1, 0, 1, 7)",39.12895401375553,FCR_GERMANY_SETTLEMENTCAPACITY_PRICE_[EUR/MW],1,1,22.22,0.03263276721398327,0.1806454184693962,0.010921730258125525,1,16.359354581530603
2025-01-08 04:00:00,14.55,16.418262137445918,"(1, 0, 1)","(1, 0, 1, 7)",41.32128835762612,FCR_GERMANY_SETTLEMENTCAPACITY_PRICE_[EUR/MW],1,1,18.05,3.490403414213988,1.8682621374459174,0.12840289604439295,1,16.418262137445918
2025-01-09 04:00:00,8.71,13.881364457038028,"(1, 0, 1)","(1, 0, 1, 7)",40.33549407833187,FCR_GERMANY_SETTLEMENTCAPACITY_PRICE_[EUR/MW],1,1,10.83,26.74301034751621,5.1713644570380275,0.5937272625761225,0,0.0
2025-01-10 04:00:00,8.29,8.264795136313499,"(1, 0, 1)","(1, 0, 1, 7)",42.044978676410665,FCR_GERMANY_SETTLEMENTCAPACITY_PRICE_[EUR/MW],1,1,12.05,0.0006352851534550738,0.025204863686500545,0.003040393689565808,1,8.264795136313499
2025-01-11 04:00:00,7.19,7.506541763618627,"(1, 0, 1)","(1, 0, 1, 7)",41.87769555279118,FCR_GERMANY_SETTLEMENTCAPACITY_PRICE_[EUR/MW],1,1,8.95,0.10019868811479071,0.31654176361862696,0.044025280058223495,1,7.506541763618627
2025-01-12 04:00:00,6.5,5.896778625210453,"(1, 0, 1)","(1, 0, 1, 7)",40.95763717080362,FCR_GERMANY_SETTLEMENTCAPACITY_PRICE_[EUR/MW],1,1,7.59,0.3638760270029916,0.6032213747895474,0.09280328842916113,1,5.896778625210453
2025-01-13 04:00:00,5.25,7.865953152145491,"(1, 0, 1)","(1, 0, 1, 7)",40.64048760261088,FCR_GERMANY_SETTLEMENTCAPACITY_PRICE_[EUR/MW],1,1,6.26,6.843210894219931,2.615953152145491,0.49827679088485544,0,0.0
2025-01-14 04:00:00,5.15,4.686318307818803,"(1, 0, 1)","(1, 0, 1, 7)",41.75314545115664,FCR_GERMANY_SETTLEMENTCAPACITY_PRICE_[EUR/MW],1,1,7.24,0.21500071166401835,0.46368169218119704,0.09003528003518388,1,4.686318307818803
2025-01-15 04:00:00,5.19,5.172105730900661,"(1, 0, 1)","(1, 0, 1, 7)",41.35019739036775,FCR_GERMANY_SETTLEMENTCAPACITY_PRICE_[EUR/MW],1,1,8.7,0.0003202048665995705,0.017894269099339333,0.0034478360499690425,1,5.172105730900661
2025-01-16 04:00:00,5.03,4.809533860253554,"(1, 0, 1)","(1, 0, 1, 7)",40.95789103352506,FCR_GERMANY_SETTLEMENTCAPACITY_PRICE_[EUR/MW],1,1,5.52,0.04860531877469966,0.22046613974644647,0.043830246470466495,1,4.809533860253554
2025-01-17 04:00:00,4.26,4.482306329262553,"(1, 0, 1)","(1, 0, 1, 7)",40.67102629463636,FCR_GERMANY_SETTLEMENTCAPACITY_PRICE_[EUR/MW],1,1,4.88,0.04942010403019058,0.2223063292625529,0.05218458433393261,1,4.482306329262553
2025-01-18 04:00:00,3.83,3.9460121132592714,"(1, 0, 1)","(1, 0, 1, 7)",41.19165515755344,FCR_GERMANY_SETTLEMENTCAPACITY_PRICE_[EUR/MW],1,1,4.28,0.013458810422881991,0.1160121132592713,0.030290368997198773,1,3.9460121132592714
2025-01-19 04:00:00,3.39,3.6640168972644775,"(1, 0, 1)","(1, 0, 1, 7)",41.331574566338986,FCR_GERMANY_SETTLEMENTCAPACITY_PRICE_[EUR/MW],1,1,3.7,0.07508525998645117,0.2740168972644774,0.08083094314586355,1,3.6640168972644775
2025-01-20 04:00:00,2.87,3.571926546679556,"(1, 0, 1)","(1, 0, 1, 7)",41.50535122909794,FCR_GERMANY_SETTLEMENTCAPACITY_PRICE_[EUR/MW],1,1,4.0,0.49270087693348646,0.7019265466795557,0.24457370964444447,1,3.571926546679556
2025-01-21 04:00:00,2.84,2.9507093823982244,"(1, 0, 1)","(1, 0, 1, 7)",42.98084706077068,FCR_GERMANY_SETTLEMENTCAPACITY_PRICE_[EUR/MW],1,1,3.92,0.01225656735099632,0.11070938239822459,0.03898217690078331,1,2.9507093823982244
2025-01-22 04:00:00,2.89,2.986982437790917,"(1, 0, 1)","(1, 0, 1, 7)",35.43374630980464,FCR_GERMANY_SETTLEMENTCAPACITY_PRICE_[EUR/MW],1,1,3.34,0.009405593239869081,0.09698243779091698,0.03355793695187438,1,2.986982437790917
2025-01-23 04:00:00,2.9,2.9007814890717496,"(1, 0, 1)","(1, 0, 1, 7)",35.06293007573592,FCR_GERMANY_SETTLEMENTCAPACITY_PRICE_[EUR/MW],1,1,3.79,6.107251692641856e-07,0.0007814890717496858,0.00026947899025851237,1,2.9007814890717496
2025-01-24 04:00:00,7.15,2.7553453642774386,"(1, 0, 1)","(1, 0, 1, 7)",35.05852796976082,FCR_GERMANY_SETTLEMENTCAPACITY_PRICE_[EUR/MW],1,1,12.0,19.3129893672778,4.394654635722562,0.6146370119891694,1,2.7553453642774386
2025-01-25 04:00:00,6.78,6.5563296122185095,"(1, 0, 1)","(1, 0, 1, 7)",42.13194443045592,FCR_GERMANY_SETTLEMENTCAPACITY_PRICE_[EUR/MW],1,1,7.57,0.05002844237032244,0.22367038778149073,0.032989732711134326,1,6.5563296122185095
2025-01-26 04:00:00,4.66,6.323933994788392,"(1, 0, 1)","(1, 0, 1, 7)",38.777215027014726,FCR_GERMANY_SETTLEMENTCAPACITY_PRICE_[EUR/MW],1,1,5.26,2.7686763390124574,1.6639339947883922,0.35706738085587814,0,0.0
2025-01-27 04:00:00,18.98,5.019010817406967,"(1, 0, 1)","(1, 0, 1, 7)",40.31958860734274,FCR_GERMANY_SETTLEMENTCAPACITY_PRICE_[EUR/MW],1,1,40.0,194.9092189564797,13.960989182593034,0.7355631813800334,1,5.019010817406967
2025-01-28 04:00:00,13.66,15.329286141251798,"(1, 0, 1)","(1, 0, 1, 7)",62.23162129927739,FCR_GERMANY_SETTLEMENTCAPACITY_PRICE_[EUR/MW],1,1,18.0,2.7865162213753156,1.6692861412517974,0.12220249935957521,1,15.329286141251798
2025-01-29 04:00:00,11.67,12.980744299234011,"(1, 0, 1)","(1, 0, 1, 7)",62.56529058478736,FCR_GERMANY_SETTLEMENTCAPACITY_PRICE_[EUR/MW],1,1,14.0,1.71805061797446,1.3107442992340115,0.1123174206712949,1,12.980744299234011
2025-01-30 04:00:00,8.43,12.42018802382167,"(1, 0, 1)","(1, 0, 1, 7)",61.944880350981975,FCR_GERMANY_SETTLEMENTCAPACITY_PRICE_[EUR/MW],1,1,9.98,15.921600465449883,3.99018802382167,0.47333191267160973,0,0.0
2025-01-31 04:00:00,6.4,8.747481075990464,"(1, 0, 1)","(1, 0, 1, 7)",62.00991722406973,FCR_GERMANY_SETTLEMENTCAPACITY_PRICE_[EUR/MW],1,1,7.25,5.510667402133346,2.347481075990464,0.36679391812351,0,0.0
2025-02-01 04:00:00,5.24,5.672614976548685,"(1, 0, 2)","(1, 0, 1, 7)",59.37125481590331,FCR_GERMANY_SETTLEMENTCAPACITY_PRICE_[EUR/MW],1,1,5.91,0.18715571793421895,0.43261497654868464,0.08256011002837493,1,5.672614976548685
2025-02-02 04:00:00,4.53,5.14836379161778,"(1, 0, 1)","(1, 0, 1, 7)",58.60789122481098,FCR_GERMANY_SETTLEMENTCAPACITY_PRICE_[EUR/MW],1,1,4.8,0.382373778783917,0.6183637916177798,0.13650414825999552,0,0.0
2025-02-03 04:00:00,3.83,5.408614464590862,"(1, 0, 2)","(1, 0, 1, 7)",54.229652180520105,FCR_GERMANY_SETTLEMENTCAPACITY_PRICE_[EUR/MW],1,1,4.38,2.492023627815493,1.5786144645908617,0.41217087848325373,0,0.0
2025-02-04 04:00:00,3.43,3.7473291662369297,"(1, 0, 1)","(1, 0, 1, 7)",55.0469001496534,FCR_GERMANY_SETTLEMENTCAPACITY_PRICE_[EUR/MW],1,1,3.73,0.10069779974462485,0.3173291662369295,0.09251579190581036,0,0.0
2025-02-05 04:00:00,3.19,3.3064284023538306,"(1, 0, 1)","(1, 0, 1, 7)",49.314732416228594,FCR_GERMANY_SETTLEMENTCAPACITY_PRICE_[EUR/MW],1,1,3.69,0.013555572874665484,0.11642840235383067,0.036497931772360714,1,3.3064284023538306
2025-02-06 04:00:00,2.8,3.0540078469700918,"(1, 0, 1)","(1, 0, 1, 7)",40.61627543144651,FCR_GERMANY_SETTLEMENTCAPACITY_PRICE_[EUR/MW],1,1,3.12,0.06451998632238164,0.25400784697009193,0.09071708820360427,1,3.0540078469700918
2025-02-07 04:00:00,2.88,2.69456855687012,"(1, 0, 1)","(1, 0, 1, 7)",40.19110074535237,FCR_GERMANY_SETTLEMENTCAPACITY_PRICE_[EUR/MW],1,1,3.33,0.03438482010122985,0.1854314431298798,0.06438591775343049,1,2.69456855687012
2025-02-08 04:00:00,3.17,2.7050840128623146,"(1, 0, 2)","(1, 0, 1, 7)",34.23615901182793,FCR_GERMANY_SETTLEMENTCAPACITY_PRICE_[EUR/MW],1,1,4.86,0.2161468750962084,0.46491598713768534,0.14666119468065783,1,2.7050840128623146
2025-02-09 04:00:00,2.82,2.9805901524247296,"(1, 0, 2)","(1, 0, 1, 7)",33.999043369342345,FCR_GERMANY_SETTLEMENTCAPACITY_PRICE_[EUR/MW],1,1,3.08,0.025789197055797932,0.16059015242472974,0.0569468625619609,1,2.9805901524247296
2025-02-10 04:00:00,2.42,2.9477553182516982,"(1, 0, 2)","(1, 0, 1, 7)",33.46299944562963,FCR_GERMANY_SETTLEMENTCAPACITY_PRICE_[EUR/MW],1,1,2.7,0.27852567594295136,0.5277553182516983,0.21808071002136295,0,0.0
2025-02-11 04:00:00,4.62,2.4094487782994025,"(1, 0, 2)","(1, 0, 1, 7)",34.68645332821395,FCR_GERMANY_SETTLEMENTCAPACITY_PRICE_[EUR/MW],1,1,9.63,4.886536703762005,2.2105512217005976,0.47847429041138473,1,2.4094487782994025
2025-02-12 04:00:00,3.83,4.623295465224567,"(1, 0, 2)","(1, 0, 1, 7)",38.75353320793348,FCR_GERMANY_SETTLEMENTCAPACITY_PRICE_[EUR/MW],1,1,5.16,0.6293176951458621,0.793295465224567,0.20712675332234123,1,4.623295465224567
2025-02-13 04:00:00,3.2,3.3575528280358875,"(1, 0, 2)","(1, 0, 1, 7)",39.71107139807068,FCR_GERMANY_SETTLEMENTCAPACITY_PRICE_[EUR/MW],1,1,3.7,0.024822893622105883,0.15755282803588733,0.04923525876121479,1,3.3575528280358875
2025-02-14 04:00:00,2.69,3.1990759144960066,"(1, 0, 2)","(1, 0, 1, 7)",39.6229877515194,FCR_GERMANY_SETTLEMENTCAPACITY_PRICE_[EUR/MW],1,1,2.99,0.25915828671994545,0.5090759144960066,0.18924755185725153,0,0.0
2025-02-15 04:00:00,2.45,2.6546768112662327,"(1, 0, 2)","(1, 0, 1, 7)",40.53547634663737,FCR_GERMANY_SETTLEMENTCAPACITY_PRICE_[EUR/MW],1,1,2.63,0.041892597070112954,0.2046768112662325,0.0835415556188704,0,0.0
2025-02-16 04:00:00,2.48,2.429280752456445,"(1, 0, 2)","(1, 0, 1, 7)",40.52638666704787,FCR_GERMANY_SETTLEMENTCAPACITY_PRICE_[EUR/MW],1,1,2.98,0.0025724420713844043,0.050719247543554946,0.02045130949336893,1,2.429280752456445
2025-02-17 04:00:00,2.11,2.5813090064533646,"(1, 0, 2)","(1, 0, 1, 7)",40.615282153739344,FCR_GERMANY_SETTLEMENTCAPACITY_PRICE_[EUR/MW],1,1,2.38,0.22213217956405779,0.4713090064533647,0.2233691973712629,0,0.0
2025-02-18 04:00:00,1.84,2.20946240954492,"(1, 0, 2)","(1, 0, 1, 7)",42.42367182768301,FCR_GERMANY_SETTLEMENTCAPACITY_PRICE_[EUR/MW],1,1,2.15,0.13650247206673816,0.36946240954491993,0.20079478779615212,0,0.0
2025-02-19 04:00:00,1.88,1.8703432208254287,"(1, 0, 2)","(1, 0, 1, 7)",42.589924948963045,FCR_GERMANY_SETTLEMENTCAPACITY_PRICE_[EUR/MW],1,1,2.37,9.325338402643193e-05,0.009656779174571195,0.005136584667325104,1,1.8703432208254287
2025-02-20 04:00:00,1.97,1.8810570345467248,"(1, 0, 2)","(1, 0, 1, 7)",42.77958928716549,FCR_GERMANY_SETTLEMENTCAPACITY_PRICE_[EUR/MW],1,1,2.19,0.007910851103622503,0.08894296545327518,0.04514871342805847,1,1.8810570345467248
2025-02-21 04:00:00,1.83,1.881812422243628,"(1, 0, 2)","(1, 0, 1, 7)",41.95452018935429,FCR_GERMANY_SETTLEMENTCAPACITY_PRICE_[EUR/MW],1,1,1.99,0.002684527098752001,0.05181242224362803,0.028312799040233896,1,1.881812422243628
2025-02-22 04:00:00,5.0,1.8137676302073475,"(1, 0, 2)","(1, 0, 1, 7)",42.635613245905205,FCR_GERMANY_SETTLEMENTCAPACITY_PRICE_[EUR/MW],1,1,14.88,10.152076714314502,3.1862323697926525,0.6372464739585305,1,1.8137676302073475
2025-02-23 04:00:00,4.54,4.883503944449368,"(1, 0, 2)","(1, 0, 1, 7)",45.99296542443378,FCR_GERMANY_SETTLEMENTCAPACITY_PRICE_[EUR/MW],1,1,6.12,0.1179949598522743,0.3435039444493677,0.07566166177298848,1,4.883503944449368
2025-02-24 04:00:00,8.49,4.071996365551552,"(1, 0, 2)","(1, 0, 1, 7)",39.56179040361824,FCR_GERMANY_SETTLEMENTCAPACITY_PRICE_[EUR/MW],1,1,16.53,19.518756113999697,4.418003634448448,0.5203773421022907,1,4.071996365551552
2025-02-25 04:00:00,6.57,7.955866968393077,"(1, 0, 1)","(1, 0, 1, 7)",43.85072061914761,FCR_GERMANY_SETTLEMENTCAPACITY_PRICE_[EUR/MW],1,1,8.36,1.9206272540830176,1.3858669683930769,0.2109386557675916,1,7.955866968393077
2025-02-26 04:00:00,4.11,6.181023607382922,"(1, 0, 1)","(1, 0, 1, 7)",44.74272981340079,FCR_GERMANY_SETTLEMENTCAPACITY_PRICE_[EUR/MW],1,1,5.37,4.289138782337371,2.071023607382922,0.5038986879277182,0,0.0
2025-02-27 04:00:00,3.43,3.5316066119085185,"(1, 0, 1)","(1, 0, 1, 7)",46.92248331676508,FCR_GERMANY_SETTLEMENTCAPACITY_PRICE_[EUR/MW],1,1,3.87,0.01032390358352827,0.10160661190851838,0.02962291892376629,1,3.5316066119085185
2025-02-28 04:00:00,2.73,3.250262023220916,"(1, 0, 1)","(1, 0, 1, 7)",46.77065767098536,FCR_GERMANY_SETTLEMENTCAPACITY_PRICE_[EUR/MW],1,1,3.08,0.270672572805921,0.5202620232209161,0.19057216967799123,0,0.0
